9954 54
9955 55
9956 56
9957 57
9957 57
9958 58
9958 58
9959 59
9961 61
9962 62
9963 63
9965 65
9966 66
9966 66
9967 67
9968 68
9968 68
9971 71
9971 71
9973 73
9973 73
9974 74
9974 74
9975 75
9975 75
9975 75
9976 76
9977 77
9978 78
9979 79
9981 81
9982 82
9983 83
9985 85
9987 87
9988 88
9989 89
9989 89
9990 90
9990 90
9991 91
9991 91
9992 92
9994 94
9995 95
9995 95
9996 96
9997 97
9998 98
9998 98
9998 98
9998 98
10000 100
10000 100
10000 100
10000 100
1 101
2 102
4 104
5 105
7 107
9 109
9 109
10 110
11 111
12 112
12 112
14 114
16 116
16 116
16 116
18 118
19 119
20 120
22 122
25 125
26 126
27 127
27 127
30 130
30 130
32 132
33 133
34 134
34 134
35 135
37 137
37 137
39 139
40 140
40 140
41 141
43 143
44 144
44 144
46 146
46 146
48 148
49 149
53 153
55 155
55 155
57 157
58 158
59 159
61 161
61 161
61 161
62 162
63 163
64 164
64 164
66 166
66 166
67 167
68 168
69 169
70 170
71 171
72 172
73 173
73 173
74 174
74 174
75 175
76 176
78 178
79 179
79 179
79 179
80 180
80 180
82 182
84 184
85 185
86 186
87 187
89 189
89 189
90 190
93 193
94 194
95 195
96 196
96 196
98 198
99 199
100 200
101 201
101 201
102 202
103 203
104 204
105 205
105 205
106 206
106 206
109 209
109 209
111 211
111 211
112 212
112 212
115 215
116 216
116 216
117 217
118 218
120 220
121 221
122 222
124 224
126 226
127 227
127 227
129 229
130 230
131 231
133 233
133 233
134 234
134 234
134 234
135 235
135 235
137 237
137 237
138 238
139 239
139 239
140 240
141 241
141 241
142 242
142 242
143 243
144 244
146 246
147 247
147 247
147 247
149 249
150 250
151 251
152 252
153 253
154 254
154 254
155 255
157 257
158 258
160 260
160 260
160 260
160 260
160 260
162 262
162 262
164 264
164 264
165 265
166 266
168 268
168 268
169 269
170 270
171 271
172 272
172 272
173 273
174 274
176 276
177 277
178 278
179 279
179 279
180 280
181 281
182 282
184 284
186 286
187 287
190 290
191 291
192 292
193 293
193 293
195 295
195 295
197 297
198 298
199 299
200 300
202 302
203 303
206 306
206 306
207 307
208 308
210 310
212 312
212 312
215 315
216 316
217 317
218 318
220 320
220 320
222 322
223 323
224 324
225 325
226 326
227 327
227 327
228 328
228 328
230 330
232 332
233 333
234 334
234 334
236 336
237 337
239 339
240 340
241 341
241 341
242 342
242 342
243 343
245 345
246 346
247 347
248 348
250 350
250 350
251 351
251 351
253 353
253 353
253 353
255 355
255 355
256 356
256 356
257 357
258 358
259 359
260 360
260 360
260 360
262 362
263 363
264 364
265 365
266 366
268 368
269 369
271 371
272 372
273 373
274 374
276 376
277 377
278 378
279 379
280 380
281 381
282 382
283 383
284 384
285 385
286 386
288 388
289 389
291 391
291 391
293 393
294 394
295 395
295 395
297 397
297 397
298 398
300 400
300 400
300 400
302 402
302 402
304 404
305 405
305 405
308 408
309 409
310 410
311 411
311 411
311 411
313 413
314 414
315 415
315 415
316 416
317 417
317 417
318 418
320 420
320 420
320 420
321 421
322 422
322 422
323 423
325 425
326 426
326 426
327 427
329 429
329 429
329 429
330 430
330 430
332 432
333 433
334 434
334 434
335 435
337 437
337 437
338 438
340 440
340 440
343 443
343 443
345 445
345 445
346 446
347 447
348 448
350 450
350 450
351 451
351 451
354 454
355 455
356 456
357 457
359 459
360 460
360 460
362 462
362 462
364 464
365 465
368 468
368 468
370 470
372 472
373 473
373 473
374 474
374 474
375 475
376 476
376 476
379 479
379 479
379 479
381 481
382 482
383 483
384 484
384 484
385 485
386 486
387 487
388 488
389 489
389 489
390 490
391 491
392 492
393 493
394 494
396 496
397 497
400 500
400 500
401 501
402 502
405 505
405 505
405 505
405 505
405 505
406 506
408 508
409 509
410 510
410 510
414 514
414 514
414 514
415 515
416 516
416 516
416 516
418 518
419 519
419 519
420 520
421 521
423 523
426 526
427 527
427 527
427 527
429 529
431 531
434 534
435 535
436 536
436 536
438 538
439 539
441 541
441 541
444 544
444 544
445 545
446 546
447 547
447 547
448 548
448 548
449 549
451 551
451 551
451 551
452 552
454 554
455 555
457 557
457 557
458 558
460 560
460 560
460 560
460 560
462 562
463 563
463 563
463 563
463 563
464 564
465 565
466 566
466 566
469 569
469 569
472 572
473 573
474 574
474 574
474 574
476 576
477 577
477 577
478 578
479 579
479 579
479 579
479 579
481 581
483 583
485 585
486 586
486 586
487 587
488 588
489 589
489 589
489 589
489 589
491 591
493 593
493 593
494 594
495 595
496 596
497 597
498 598
500 600
501 601
502 602
504 604
506 606
506 606
509 609
510 610
511 611
511 611
512 612
513 613
515 615
518 618
519 619
520 620
520 620
520 620
522 622
522 622
522 622
523 623
524 624
526 626
527 627
528 628
530 630
530 630
530 630
530 630
531 631
532 632
534 634
535 635
536 636
538 638
538 638
540 640
540 640
541 641
543 643
544 644
546 646
547 647
548 648
549 649
549 649
551 651
551 651
552 652
553 653
553 653
554 654
556 656
556 656
557 657
557 657
558 658
560 660
561 661
563 663
564 664
565 665
565 665
566 666
567 667
569 669
570 670
572 672
573 673
573 673
574 674
576 676
577 677
578 678
578 678
579 679
580 680
581 681
584 684
586 686
586 686
588 688
589 689
589 689
589 689
590 690
591 691
592 692
593 693
594 694
596 696
596 696
597 697
599 699
602 702
603 703
604 704
605 705
606 706
607 707
607 707
608 708
609 709
611 711
612 712
613 713
614 714
615 715
615 715
616 716
619 719
619 719
619 719
620 720
621 721
622 722
623 723
623 723
624 724
626 726
627 727
628 728
631 731
631 731
632 732
633 733
634 734
635 735
635 735
637 737
637 737
638 738
639 739
640 740
642 742
642 742
643 743
643 743
645 745
645 745
646 746
647 747
648 748
648 748
648 748
649 749
649 749
649 749
650 750
650 750
651 751
653 753
654 754
655 755
657 757
658 758
659 759
660 760
662 762
662 762
663 763
663 763
665 765
665 765
667 767
668 768
670 770
671 771
671 771
673 773
673 773
674 774
675 775
676 776
677 777
678 778
678 778
679 779
679 779
680 780
681 781
683 783
684 784
685 785
687 787
687 787
689 789
689 789
690 790
692 792
692 792
694 794
695 795
697 797
700 800
700 800
703 803
705 805
706 806
706 806
708 808
709 809
709 809
710 810
712 812
712 812
713 813
714 814
717 817
718 818
719 819
721 821
722 822
723 823
723 823
724 824
725 825
727 827
727 827
728 828
728 828
729 829
729 829
732 832
734 834
736 836
736 836
738 838
738 838
739 839
740 840
740 840
741 841
742 842
743 843
744 844
744 844
746 846
747 847
748 848
749 849
751 851
751 851
752 852
752 852
752 852
753 853
753 853
754 854
754 854
756 856
757 857
759 859
759 859
760 860
761 861
762 862
762 862
763 863
764 864
764 864
764 864
765 865
765 865
765 865
765 865
766 866
767 867
767 867
768 868
770 870
771 871
772 872
774 874
775 875
776 876
776 876
776 876
778 878
778 878
779 879
779 879
780 880
781 881
782 882
783 883
786 886
788 888
788 888
790 890
791 891
792 892
792 892
793 893
793 893
793 893
795 895
796 896
798 898
799 899
802 902
803 903
804 904
806 906
807 907
807 907
809 909
811 911
812 912
813 913
815 915
817 917
817 917
819 919
821 921
822 922
822 922
824 924
826 926
827 927
827 927
829 929
830 930
830 930
832 932
833 933
834 934
835 935
837 937
837 937
837 937
839 939
839 939
840 940
840 940
841 941
843 943
844 944
845 945
847 947
847 947
848 948
850 950
851 951
852 952
853 953
853 953
854 954
854 954
855 955
856 956
857 957
857 957
857 957
857 957
858 958
858 958
860 960
862 962
863 963
865 965
865 965
866 966
866 966
868 968
868 968
869 969
871 971
873 973
874 974
875 975
875 975
876 976
877 977
877 977
879 979
880 980
882 982
883 983
884 984
886 986
887 987
888 988
890 990
890 990
891 991
892 992
892 992
894 994
894 994
896 996
896 996
896 996
897 997
899 999
899 999
901 1001
902 1002
903 1003
903 1003
906 1006
907 1007
908 1008
911 1011
912 1012
913 1013
914 1014
914 1014
915 1015
916 1016
916 1016
919 1019
919 1019
920 1020
922 1022
924 1024
924 1024
924 1024
925 1025
927 1027
927 1027
928 1028
928 1028
930 1030
930 1030
932 1032
933 1033
934 1034
934 1034
935 1035
936 1036
938 1038
941 1041
941 1041
943 1043
943 1043
943 1043
945 1045
947 1047
947 1047
948 1048
949 1049
950 1050
951 1051
952 1052
953 1053
954 1054
955 1055
955 1055
956 1056
957 1057
957 1057
958 1058
960 1060
961 1061
961 1061
961 1061
961 1061
963 1063
965 1065
966 1066
967 1067
967 1067
967 1067
968 1068
969 1069
970 1070
970 1070
971 1071
972 1072
973 1073
974 1074
976 1076
976 1076
978 1078
978 1078
980 1080
980 1080
981 1081
981 1081
981 1081
982 1082
983 1083
985 1085
985 1085
985 1085
986 1086
987 1087
988 1088
989 1089
992 1092
992 1092
993 1093
995 1095
995 1095
995 1095
997 1097
999 1099
1000 1100
1002 1102
1002 1102
1004 1104
1006 1106
1007 1107
1007 1107
1008 1108
1009 1109
1011 1111
1013 1113
1014 1114
1015 1115
1017 1117
1019 1119
1021 1121
1022 1122
1022 1122
1023 1123
1024 1124
1025 1125
1026 1126
1027 1127
1027 1127
1029 1129
1032 1132
1033 1133
1034 1134
1035 1135
1036 1136
1038 1138
1041 1141
1042 1142
1043 1143
1043 1143
1043 1143
1045 1145
1045 1145
1045 1145
1045 1145
1047 1147
1048 1148
1048 1148
1051 1151
1051 1151
1052 1152
1053 1153
1053 1153
1054 1154
1054 1154
1055 1155
1055 1155
1057 1157
1057 1157
1057 1157
1059 1159
1060 1160
1061 1161
1062 1162
1063 1163
1064 1164
1064 1164
1065 1165
1065 1165
1065 1165
1066 1166
1068 1168
1068 1168
1069 1169
1071 1171
1072 1172
1074 1174
1076 1176
1076 1176
1078 1178
1079 1179
1080 1180
1082 1182
1082 1182
1082 1182
1083 1183
1085 1185
1085 1185
1086 1186
1087 1187
1089 1189
1089 1189
1089 1189
1089 1189
1090 1190
1093 1193
1093 1193
1095 1195
1096 1196
1096 1196
1097 1197
1098 1198
1098 1198
1099 1199
1101 1201
1104 1204
1105 1205
1108 1208
1109 1209
1110 1210
1111 1211
1112 1212
1113 1213
1115 1215
1115 1215
1117 1217
1117 1217
1119 1219
1120 1220
1120 1220
1120 1220
1120 1220
1122 1222
1122 1222
1124 1224
1124 1224
1125 1225
1126 1226
1127 1227
1128 1228
1128 1228
1129 1229
1130 1230
1130 1230
1131 1231
1132 1232
1133 1233
1133 1233
1134 1234
1134 1234
1135 1235
1135 1235
1136 1236
1138 1238
1139 1239
1142 1242
1143 1243
1144 1244
1145 1245
1147 1247
1149 1249
1150 1250
1151 1251
1152 1252
1152 1252
1152 1252
1152 1252
1153 1253
1153 1253
1153 1253
1154 1254
1154 1254
1155 1255
1155 1255
1157 1257
1158 1258
1159 1259
1160 1260
1160 1260
1161 1261
1162 1262
1163 1263
1165 1265
1167 1267
1169 1269
1170 1270
1172 1272
1172 1272
1173 1273
1173 1273
1174 1274
1175 1275
1177 1277
1179 1279
1181 1281
1183 1283
1185 1285
1186 1286
1187 1287
1189 1289
1189 1289
1190 1290
1191 1291
1192 1292
1193 1293
1194 1294
1194 1294
1196 1296
1196 1296
1197 1297
1198 1298
1198 1298
1199 1299
1201 1301
1203 1303
1205 1305
1207 1307
1209 1309
1210 1310
1210 1310
1211 1311
1212 1312
1213 1313
1214 1314
1215 1315
1217 1317
1218 1318
1218 1318
1219 1319
1219 1319
1219 1319
1220 1320
1221 1321
1223 1323
1223 1323
1223 1323
1224 1324
1225 1325
1226 1326
1226 1326
1228 1328
1229 1329
1230 1330
1230 1330
1230 1330
1231 1331
1232 1332
1233 1333
1235 1335
1235 1335
1236 1336
1237 1337
1237 1337
1239 1339
1240 1340
1241 1341
1241 1341
1243 1343
1245 1345
1245 1345
1246 1346
1248 1348
1250 1350
1250 1350
1251 1351
1252 1352
1252 1352
1252 1352
1253 1353
1255 1355
1257 1357
1257 1357
1258 1358
1260 1360
1261 1361
1261 1361
1263 1363
1264 1364
1266 1366
1267 1367
1268 1368
1270 1370
1271 1371
1271 1371
1272 1372
1273 1373
1274 1374
1276 1376
1277 1377
1279 1379
1279 1379
1280 1380
1280 1380
1283 1383
1284 1384
1285 1385
1285 1385
1286 1386
1287 1387
1289 1389
1290 1390
1292 1392
1293 1393
1293 1393
1295 1395
1296 1396
1296 1396
1297 1397
1299 1399
1299 1399
1300 1400
1302 1402
1302 1402
1302 1402
1304 1404
1305 1405
1306 1406
1307 1407
1307 1407
1308 1408
1308 1408
1309 1409
1310 1410
1312 1412
1312 1412
1315 1415
1315 1415
1318 1418
1318 1418
1318 1418
1320 1420
1320 1420
1321 1421
1322 1422
1324 1424
1325 1425
1326 1426
1327 1427
1327 1427
1328 1428
1329 1429
1331 1431
1331 1431
1332 1432
1333 1433
1334 1434
1335 1435
1336 1436
1337 1437
1338 1438
1339 1439
1339 1439
1340 1440
1340 1440
1342 1442
1342 1442
1343 1443
1343 1443
1345 1445
1346 1446
1348 1448
1349 1449
1349 1449
1350 1450
1350 1450
1352 1452
1352 1452
1353 1453
1355 1455
1357 1457
1358 1458
1359 1459
1361 1461
1362 1462
1363 1463
1363 1463
1363 1463
1364 1464
1364 1464
1364 1464
1365 1465
1367 1467
1368 1468
1369 1469
1370 1470
1371 1471
1371 1471
1372 1472
1373 1473
1375 1475
1376 1476
1377 1477
1379 1479
1379 1479
1380 1480
1381 1481
1382 1482
1383 1483
1385 1485
1385 1485
1387 1487
1388 1488
1389 1489
1390 1490
1391 1491
1392 1492
1393 1493
1395 1495
1395 1495
1396 1496
1396 1496
1398 1498
1398 1498
1401 1501
1403 1503
1405 1505
1406 1506
1406 1506
1407 1507
1408 1508
1409 1509
1410 1510
1410 1510
1411 1511
1413 1513
1414 1514
1414 1514
1414 1514
1415 1515
1416 1516
1416 1516
1417 1517
1419 1519
1422 1522
1422 1522
1424 1524
1425 1525
1425 1525
1426 1526
1427 1527
1430 1530
1430 1530
1432 1532
1432 1532
1434 1534
1434 1534
1434 1534
1436 1536
1436 1536
1438 1538
1438 1538
1439 1539
1440 1540
1442 1542
1443 1543
1444 1544
1445 1545
1445 1545
1448 1548
1450 1550
1451 1551
1451 1551
1452 1552
1452 1552
1453 1553
1454 1554
1456 1556
1456 1556
1457 1557
1458 1558
1458 1558
1461 1561
1462 1562
1462 1562
1462 1562
1463 1563
1465 1565
1467 1567
1469 1569
1470 1570
1471 1571
1471 1571
1472 1572
1472 1572
1473 1573
1474 1574
1474 1574
1476 1576
1478 1578
1478 1578
1479 1579
1480 1580
1480 1580
1481 1581
1481 1581
1484 1584
1484 1584
1485 1585
1485 1585
1486 1586
1486 1586
1486 1586
1486 1586
1488 1588
1489 1589
1491 1591
1492 1592
1493 1593
1494 1594
1495 1595
1495 1595
1496 1596
1496 1596
1497 1597
1498 1598
1499 1599
1501 1601
1502 1602
1502 1602
1504 1604
1504 1604
1504 1604
1506 1606
1506 1606
1507 1607
1509 1609
1509 1609
1513 1613
1514 1614
1515 1615
1515 1615
1517 1617
1517 1617
1519 1619
1520 1620
1522 1622
1523 1623
1524 1624
1526 1626
1526 1626
1528 1628
1530 1630
1530 1630
1532 1632
1534 1634
1534 1634
1536 1636
1538 1638
1539 1639
1541 1641
1542 1642
1543 1643
1544 1644
1545 1645
1546 1646
1549 1649
1551 1651
1551 1651
1553 1653
1554 1654
1555 1655
1556 1656
1557 1657
1557 1657
1557 1657
1559 1659
1560 1660
1563 1663
1563 1663
1564 1664
1565 1665
1566 1666
1567 1667
1567 1667
1567 1667
1568 1668
1569 1669
1569 1669
1570 1670
1571 1671
1571 1671
1573 1673
1574 1674
1574 1674
1575 1675
1575 1675
1576 1676
1577 1677
1578 1678
1579 1679
1579 1679
1579 1679
1580 1680
1581 1681
1581 1681
1582 1682
1584 1684
1585 1685
1585 1685
1586 1686
1587 1687
1588 1688
1590 1690
1591 1691
1592 1692
1593 1693
1593 1693
1593 1693
1594 1694
1595 1695
1595 1695
1595 1695
1596 1696
1597 1697
1598 1698
1598 1698
1599 1699
1600 1700
1603 1703
1603 1703
1605 1705
1605 1705
1605 1705
1607 1707
1607 1707
1609 1709
1609 1709
1612 1712
1613 1713
1613 1713
1613 1713
1615 1715
1616 1716
1616 1716
1617 1717
1617 1717
1619 1719
1621 1721
1622 1722
1623 1723
1623 1723
1624 1724
1625 1725
1627 1727
1628 1728
1630 1730
1631 1731
1631 1731
1631 1731
1633 1733
1634 1734
1635 1735
1637 1737
1638 1738
1639 1739
1640 1740
1641 1741
1642 1742
1643 1743
1643 1743
1644 1744
1646 1746
1647 1747
1650 1750
1651 1751
1652 1752
1655 1755
1656 1756
1656 1756
1656 1756
1658 1758
1659 1759
1659 1759
1660 1760
1660 1760
1662 1762
1663 1763
1664 1764
1666 1766
1669 1769
1669 1769
1672 1772
1674 1774
1674 1774
1675 1775
1676 1776
1677 1777
1678 1778
1679 1779
1680 1780
1681 1781
1682 1782
1685 1785
1686 1786
1687 1787
1688 1788
1690 1790
1691 1791
1692 1792
1693 1793
1694 1794
1694 1794
1695 1795
1696 1796
1696 1796
1698 1798
1699 1799
1701 1801
1701 1801
1701 1801
1702 1802
1703 1803
1704 1804
1705 1805
1705 1805
1706 1806
1707 1807
1707 1807
1707 1807
1708 1808
1708 1808
1709 1809
1711 1811
1713 1813
1713 1813
1715 1815
1715 1815
1716 1816
1717 1817
1719 1819
1719 1819
1719 1819
1720 1820
1720 1820
1720 1820
1721 1821
1722 1822
1724 1824
1724 1824
1726 1826
1727 1827
1729 1829
1730 1830
1732 1832
1732 1832
1732 1832
1733 1833
1734 1834
1734 1834
1735 1835
1736 1836
1736 1836
1736 1836
1738 1838
1740 1840
1741 1841
1742 1842
1743 1843
1744 1844
1745 1845
1746 1846
1746 1846
1747 1847
1748 1848
1749 1849
1751 1851
1752 1852
1753 1853
1754 1854
1756 1856
1757 1857
1759 1859
1760 1860
1760 1860
1761 1861
1763 1863
1763 1863
1764 1864
1765 1865
1765 1865
1766 1866
1766 1866
1767 1867
1769 1869
1769 1869
1769 1869
1771 1871
1772 1872
1774 1874
1774 1874
1775 1875
1776 1876
1777 1877
1778 1878
1778 1878
1779 1879
1779 1879
1780 1880
1781 1881
1784 1884
1784 1884
1786 1886
1786 1886
1787 1887
1788 1888
1788 1888
1792 1892
1792 1892
1793 1893
1794 1894
1795 1895
1796 1896
1797 1897
1798 1898
1799 1899
1802 1902
1802 1902
1803 1903
1804 1904
1805 1905
1807 1907
1808 1908
1809 1909
1809 1909
1811 1911
1811 1911
1812 1912
1815 1915
1816 1916
1820 1920
1821 1921
1821 1921
1824 1924
1824 1924
1825 1925
1826 1926
1828 1928
1829 1929
1830 1930
1831 1931
1832 1932
1832 1932
1833 1933
1835 1935
1837 1937
1837 1937
1837 1937
1838 1938
1838 1938
1840 1940
1840 1940
1842 1942
1842 1942
1842 1942
1843 1943
1843 1943
1844 1944
1846 1946
1847 1947
1848 1948
1850 1950
1850 1950
1850 1950
1851 1951
1852 1952
1853 1953
1853 1953
1854 1954
1855 1955
1856 1956
1858 1958
1859 1959
1860 1960
1862 1962
1862 1962
1863 1963
1864 1964
1865 1965
1866 1966
1866 1966
1866 1966
1866 1966
1867 1967
1868 1968
1868 1968
1868 1968
1870 1970
1870 1970
1871 1971
1872 1972
1873 1973
1874 1974
1875 1975
1876 1976
1878 1978
1880 1980
1881 1981
1881 1981
1882 1982
1882 1982
1884 1984
1887 1987
1889 1989
1890 1990
1892 1992
1894 1994
1895 1995
1896 1996
1897 1997
1898 1998
1899 1999
1901 2001
1902 2002
1904 2004
1904 2004
1905 2005
1907 2007
1907 2007
1908 2008
1909 2009
1910 2010
1911 2011
1912 2012
1913 2013
1914 2014
1915 2015
1916 2016
1917 2017
1918 2018
1919 2019
1920 2020
1921 2021
1922 2022
1925 2025
1927 2027
1929 2029
1931 2031
1932 2032
1933 2033
1933 2033
1934 2034
1936 2036
1937 2037
1938 2038
1938 2038
1939 2039
1940 2040
1940 2040
1940 2040
1940 2040
1941 2041
1942 2042
1944 2044
1945 2045
1946 2046
1946 2046
1947 2047
1947 2047
1948 2048
1949 2049
1950 2050
1952 2052
1953 2053
1955 2055
1955 2055
1956 2056
1956 2056
1959 2059
1959 2059
1960 2060
1962 2062
1963 2063
1963 2063
1964 2064
1964 2064
1964 2064
1966 2066
1967 2067
1968 2068
1971 2071
1972 2072
1973 2073
1974 2074
1974 2074
1974 2074
1975 2075
1976 2076
1977 2077
1979 2079
1979 2079
1979 2079
1979 2079
1979 2079
1980 2080
1981 2081
1981 2081
1981 2081
1982 2082
1982 2082
1983 2083
1984 2084
1985 2085
1986 2086
1988 2088
1990 2090
1990 2090
1990 2090
1991 2091
1992 2092
1992 2092
1994 2094
1996 2096
1997 2097
1998 2098
1998 2098
1999 2099
1999 2099
2000 2100
2001 2101
2002 2102
2002 2102
2003 2103
2005 2105
2005 2105
2006 2106
2006 2106
2007 2107
2008 2108
2010 2110
2011 2111
2013 2113
2015 2115
2015 2115
2015 2115
2016 2116
2016 2116
2017 2117
2018 2118
2020 2120
2020 2120
2020 2120
2021 2121
2023 2123
2025 2125
2027 2127
2029 2129
2031 2131
2032 2132
2033 2133
2036 2136
2037 2137
2039 2139
2039 2139
2040 2140
2041 2141
2042 2142
2042 2142
2043 2143
2045 2145
2046 2146
2047 2147
2048 2148
2049 2149
2051 2151
2051 2151
2052 2152
2053 2153
2055 2155
2056 2156
2057 2157
2059 2159
2059 2159
2060 2160
2061 2161
2062 2162
2062 2162
2064 2164
2064 2164
2064 2164
2065 2165
2065 2165
2068 2168
2068 2168
2070 2170
2072 2172
2074 2174
2075 2175
2076 2176
2077 2177
2079 2179
2080 2180
2081 2181
2081 2181
2082 2182
2083 2183
2084 2184
2085 2185
2086 2186
2087 2187
2087 2187
2088 2188
2089 2189
2090 2190
2091 2191
2093 2193
2095 2195
2096 2196
2097 2197
2098 2198
2099 2199
2100 2200
2102 2202
2102 2202
2102 2202
2104 2204
2105 2205
2106 2206
2106 2206
2107 2207
2107 2207
2108 2208
2110 2210
2112 2212
2114 2214
2114 2214
2116 2216
2119 2219
2120 2220
2121 2221
2121 2221
2121 2221
2121 2221
2123 2223
2124 2224
2124 2224
2124 2224
2126 2226
2127 2227
2127 2227
2127 2227
2128 2228
2129 2229
2129 2229
2131 2231
2132 2232
2133 2233
2134 2234
2135 2235
2137 2237
2138 2238
2140 2240
2141 2241
2142 2242
2142 2242
2143 2243
2143 2243
2144 2244
2145 2245
2145 2245
2147 2247
2148 2248
2149 2249
2150 2250
2151 2251
2152 2252
2153 2253
2155 2255
2156 2256
2156 2256
2158 2258
2158 2258
2159 2259
2160 2260
2161 2261
2161 2261
2162 2262
2163 2263
2164 2264
2165 2265
2165 2265
2166 2266
2166 2266
2166 2266
2169 2269
2171 2271
2171 2271
2172 2272
2174 2274
2174 2274
2175 2275
2177 2277
2178 2278
2179 2279
2181 2281
2181 2281
2181 2281
2183 2283
2184 2284
2185 2285
2185 2285
2186 2286
2187 2287
2187 2287
2188 2288
2189 2289
2192 2292
2194 2294
2194 2294
2196 2296
2196 2296
2198 2298
2198 2298
2199 2299
2199 2299
2201 2301
2202 2302
2202 2302
2203 2303
2204 2304
2207 2307
2207 2307
2209 2309
2209 2309
2210 2310
2210 2310
2212 2312
2213 2313
2214 2314
2216 2316
2216 2316
2217 2317
2217 2317
2217 2317
2220 2320
2221 2321
2222 2322
2223 2323
2225 2325
2228 2328
2228 2328
2230 2330
2230 2330
2231 2331
2232 2332
2233 2333
2234 2334
2234 2334
2235 2335
2235 2335
2237 2337
2238 2338
2240 2340
2242 2342
2243 2343
2243 2343
2243 2343
2243 2343
2244 2344
2245 2345
2247 2347
2247 2347
2248 2348
2249 2349
2252 2352
2253 2353
2253 2353
2253 2353
2255 2355
2256 2356
2257 2357
2257 2357
2259 2359
2261 2361
2262 2362
2263 2363
2264 2364
2265 2365
2265 2365
2266 2366
2268 2368
2270 2370
2271 2371
2271 2371
2273 2373
2274 2374
2274 2374
2275 2375
2276 2376
2276 2376
2276 2376
2277 2377
2278 2378
2279 2379
2280 2380
2282 2382
2284 2384
2284 2384
2286 2386
2288 2388
2289 2389
2290 2390
2290 2390
2290 2390
2292 2392
2293 2393
2294 2394
2295 2395
2296 2396
2297 2397
2297 2397
2299 2399
2300 2400
2301 2401
2301 2401
2302 2402
2303 2403
2304 2404
2306 2406
2307 2407
2308 2408
2310 2410
2310 2410
2311 2411
2312 2412
2313 2413
2314 2414
2316 2416
2316 2416
2318 2418
2319 2419
2320 2420
2321 2421
2323 2423
2325 2425
2326 2426
2326 2426
2328 2428
2329 2429
2329 2429
2331 2431
2331 2431
2332 2432
2333 2433
2333 2433
2333 2433
2335 2435
2336 2436
2337 2437
2337 2437
2337 2437
2338 2438
2338 2438
2341 2441
2342 2442
2343 2443
2345 2445
2345 2445
2346 2446
2346 2446
2347 2447
2349 2449
2349 2449
2349 2449
2351 2451
2353 2453
2353 2453
2354 2454
2355 2455
2356 2456
2356 2456
2357 2457
2358 2458
2359 2459
2359 2459
2359 2459
2361 2461
2362 2462
2363 2463
2364 2464
2364 2464
2366 2466
2366 2466
2367 2467
2369 2469
2369 2469
2369 2469
2369 2469
2371 2471
2372 2472
2373 2473
2374 2474
2375 2475
2376 2476
2377 2477
2378 2478
2379 2479
2381 2481
2384 2484
2384 2484
2385 2485
2387 2487
2389 2489
2390 2490
2391 2491
2392 2492
2392 2492
2394 2494
2394 2494
2396 2496
2397 2497
2398 2498
2398 2498
2401 2501
2401 2501
2402 2502
2404 2504
2405 2505
2408 2508
2409 2509
2409 2509
2410 2510
2411 2511
2413 2513
2413 2513
2414 2514
2416 2516
2418 2518
2418 2518
2419 2519
2420 2520
2420 2520
2421 2521
2423 2523
2424 2524
2426 2526
2426 2526
2428 2528
2429 2529
2431 2531
2432 2532
2434 2534
2435 2535
2435 2535
2435 2535
2436 2536
2437 2537
2438 2538
2439 2539
2439 2539
2440 2540
2440 2540
2441 2541
2442 2542
2443 2543
2444 2544
2444 2544
2446 2546
2447 2547
2447 2547
2449 2549
2450 2550
2452 2552
2452 2552
2452 2552
2453 2553
2454 2554
2455 2555
2455 2555
2456 2556
2457 2557
2458 2558
2459 2559
2461 2561
2461 2561
2463 2563
2463 2563
2464 2564
2464 2564
2465 2565
2466 2566
2468 2568
2469 2569
2469 2569
2470 2570
2470 2570
2472 2572
2473 2573
2473 2573
2473 2573
2474 2574
2475 2575
2476 2576
2477 2577
2477 2577
2478 2578
2479 2579
2480 2580
2482 2582
2482 2582
2483 2583
2485 2585
2485 2585
2486 2586
2489 2589
2490 2590
2491 2591
2492 2592
2494 2594
2494 2594
2495 2595
2497 2597
2497 2597
2498 2598
2499 2599
2501 2601
2502 2602
2503 2603
2503 2603
2505 2605
2506 2606
2508 2608
2508 2608
2508 2608
2509 2609
2510 2610
2510 2610
2513 2613
2515 2615
2517 2617
2518 2618
2518 2618
2519 2619
2520 2620
2521 2621
2522 2622
2523 2623
2524 2624
2526 2626
2528 2628
2528 2628
2529 2629
2529 2629
2529 2629
2530 2630
2533 2633
2533 2633
2534 2634
2535 2635
2537 2637
2537 2637
2538 2638
2538 2638
2539 2639
2540 2640
2541 2641
2542 2642
2543 2643
2544 2644
2546 2646
2547 2647
2547 2647
2549 2649
2550 2650
2550 2650
2551 2651
2552 2652
2554 2654
2556 2656
2556 2656
2558 2658
2558 2658
2561 2661
2562 2662
2563 2663
2564 2664
2564 2664
2565 2665
2565 2665
2566 2666
2567 2667
2567 2667
2569 2669
2570 2670
2571 2671
2573 2673
2575 2675
2576 2676
2578 2678
2578 2678
2579 2679
2579 2679
2579 2679
2582 2682
2582 2682
2583 2683
2584 2684
2586 2686
2588 2688
2588 2688
2589 2689
2590 2690
2592 2692
2593 2693
2595 2695
2595 2695
2597 2697
2597 2697
2599 2699
2599 2699
2600 2700
2600 2700
2600 2700
2602 2702
2604 2704
2605 2705
2605 2705
2605 2705
2605 2705
2606 2706
2607 2707
2607 2707
2608 2708
2608 2708
2609 2709
2610 2710
2612 2712
2612 2712
2613 2713
2614 2714
2614 2714
2616 2716
2618 2718
2618 2718
2618 2718
2620 2720
2620 2720
2622 2722
2622 2722
2623 2723
2623 2723
2624 2724
2625 2725
2626 2726
2629 2729
2630 2730
2631 2731
2631 2731
2631 2731
2632 2732
2633 2733
2633 2733
2635 2735
2635 2735
2637 2737
2637 2737
2639 2739
2639 2739
2640 2740
2642 2742
2642 2742
2644 2744
2647 2747
2649 2749
2651 2751
2651 2751
2652 2752
2652 2752
2655 2755
2658 2758
2660 2760
2661 2761
2661 2761
2663 2763
2666 2766
2666 2766
2668 2768
2668 2768
2669 2769
2670 2770
2671 2771
2672 2772
2674 2774
2675 2775
2676 2776
2676 2776
2678 2778
2679 2779
2679 2779
2681 2781
2681 2781
2681 2781
2683 2783
2683 2783
2685 2785
2687 2787
2689 2789
2691 2791
2691 2791
2693 2793
2695 2795
2695 2795
2697 2797
2697 2797
2698 2798
2699 2799
2699 2799
2699 2799
2699 2799
2700 2800
2700 2800
2700 2800
2701 2801
2701 2801
2702 2802
2703 2803
2705 2805
2705 2805
2706 2806
2706 2806
2707 2807
2707 2807
2708 2808
2708 2808
2710 2810
2711 2811
2713 2813
2713 2813
2713 2813
2713 2813
2715 2815
2716 2816
2718 2818
2719 2819
2720 2820
2721 2821
2723 2823
2723 2823
2724 2824
2726 2826
2726 2826
2726 2826
2729 2829
2731 2831
2731 2831
2732 2832
2733 2833
2734 2834
2736 2836
2736 2836
2737 2837
2738 2838
2738 2838
2739 2839
2739 2839
2741 2841
2742 2842
2743 2843
2745 2845
2748 2848
2748 2848
2749 2849
2749 2849
2751 2851
2752 2852
2752 2852
2754 2854
2755 2855
2756 2856
2756 2856
2758 2858
2759 2859
2760 2860
2761 2861
2762 2862
2762 2862
2762 2862
2762 2862
2762 2862
2764 2864
2765 2865
2766 2866
2768 2868
2769 2869
2769 2869
2771 2871
2771 2871
2772 2872
2773 2873
2773 2873
2775 2875
2775 2875
2776 2876
2776 2876
2777 2877
2778 2878
2779 2879
2779 2879
2780 2880
2782 2882
2783 2883
2784 2884
2785 2885
2785 2885
2785 2885
2786 2886
2786 2886
2787 2887
2787 2887
2788 2888
2790 2890
2791 2891
2792 2892
2795 2895
2796 2896
2798 2898
2800 2900
2800 2900
2800 2900
2800 2900
2801 2901
2803 2903
2805 2905
2808 2908
2808 2908
2809 2909
2811 2911
2811 2911
2814 2914
2815 2915
2817 2917
2819 2919
2820 2920
2820 2920
2820 2920
2822 2922
2824 2924
2825 2925
2827 2927
2830 2930
2831 2931
2832 2932
2833 2933
2833 2933
2835 2935
2835 2935
2836 2936
2837 2937
2838 2938
2840 2940
2840 2940
2845 2945
2846 2946
2846 2946
2846 2946
2847 2947
2848 2948
2848 2948
2849 2949
2850 2950
2851 2951
2852 2952
2854 2954
2855 2955
2857 2957
2858 2958
2858 2958
2859 2959
2860 2960
2861 2961
2861 2961
2861 2961
2863 2963
2864 2964
2865 2965
2867 2967
2868 2968
2868 2968
2869 2969
2869 2969
2872 2972
2872 2972
2872 2972
2873 2973
2874 2974
2874 2974
2875 2975
2875 2975
2876 2976
2876 2976
2876 2976
2877 2977
2877 2977
2877 2977
2879 2979
2881 2981
2883 2983
2884 2984
2885 2985
2887 2987
2887 2987
2888 2988
2890 2990
2890 2990
2891 2991
2891 2991
2892 2992
2892 2992
2892 2992
2892 2992
2894 2994
2897 2997
2898 2998
2899 2999
2899 2999
2901 3001
2901 3001
2902 3002
2902 3002
2903 3003
2904 3004
2905 3005
2906 3006
2909 3009
2911 3011
2912 3012
2912 3012
2912 3012
2912 3012
2915 3015
2915 3015
2916 3016
2917 3017
2918 3018
2919 3019
2920 3020
2920 3020
2922 3022
2923 3023
2927 3027
2930 3030
2931 3031
2931 3031
2932 3032
2932 3032
2933 3033
2933 3033
2934 3034
2936 3036
2936 3036
2936 3036
2939 3039
2939 3039
2939 3039
2941 3041
2942 3042
2945 3045
2945 3045
2947 3047
2948 3048
2948 3048
2949 3049
2950 3050
2950 3050
2951 3051
2952 3052
2952 3052
2952 3052
2953 3053
2955 3055
2957 3057
2957 3057
2957 3057
2957 3057
2958 3058
2960 3060
2961 3061
2961 3061
2962 3062
2963 3063
2964 3064
2966 3066
2967 3067
2968 3068
2969 3069
2970 3070
2973 3073
2973 3073
2974 3074
2974 3074
2975 3075
2975 3075
2976 3076
2976 3076
2977 3077
2979 3079
2982 3082
2984 3084
2984 3084
2985 3085
2988 3088
2988 3088
2988 3088
2989 3089
2992 3092
2993 3093
2993 3093
2993 3093
2995 3095
2997 3097
2998 3098
2998 3098
2999 3099
3000 3100
3003 3103
3004 3104
3006 3106
3006 3106
3007 3107
3007 3107
3011 3111
3012 3112
3013 3113
3013 3113
3014 3114
3014 3114
3016 3116
3017 3117
3018 3118
3019 3119
3020 3120
3021 3121
3022 3122
3023 3123
3025 3125
3026 3126
3027 3127
3029 3129
3030 3130
3031 3131
3032 3132
3032 3132
3033 3133
3034 3134
3034 3134
3034 3134
3035 3135
3035 3135
3037 3137
3037 3137
3037 3137
3037 3137
3041 3141
3041 3141
3042 3142
3042 3142
3044 3144
3045 3145
3046 3146
3046 3146
3046 3146
3047 3147
3049 3149
3051 3151
3052 3152
3052 3152
3053 3153
3053 3153
3055 3155
3057 3157
3058 3158
3059 3159
3061 3161
3061 3161
3062 3162
3063 3163
3064 3164
3064 3164
3066 3166
3068 3168
3069 3169
3069 3169
3069 3169
3070 3170
3071 3171
3073 3173
3074 3174
3074 3174
3074 3174
3077 3177
3078 3178
3078 3178
3080 3180
3082 3182
3083 3183
3083 3183
3084 3184
3084 3184
3085 3185
3086 3186
3087 3187
3089 3189
3089 3189
3089 3189
3089 3189
3090 3190
3091 3191
3092 3192
3094 3194
3094 3194
3095 3195
3097 3197
3097 3197
3098 3198
3099 3199
3100 3200
3100 3200
3102 3202
3103 3203
3105 3205
3105 3205
3105 3205
3107 3207
3108 3208
3108 3208
3110 3210
3110 3210
3112 3212
3113 3213
3113 3213
3113 3213
3115 3215
3116 3216
3116 3216
3117 3217
3119 3219
3121 3221
3121 3221
3122 3222
3122 3222
3123 3223
3124 3224
3127 3227
3127 3227
3127 3227
3128 3228
3129 3229
3131 3231
3133 3233
3135 3235
3136 3236
3138 3238
3138 3238
3140 3240
3142 3242
3142 3242
3144 3244
3145 3245
3146 3246
3148 3248
3149 3249
3151 3251
3151 3251
3153 3253
3155 3255
3156 3256
3156 3256
3158 3258
3158 3258
3159 3259
3159 3259
3160 3260
3161 3261
3161 3261
3164 3264
3164 3264
3166 3266
3167 3267
3168 3268
3169 3269
3169 3269
3171 3271
3172 3272
3172 3272
3173 3273
3175 3275
3176 3276
3176 3276
3178 3278
3178 3278
3178 3278
3180 3280
3181 3281
3181 3281
3181 3281
3183 3283
3183 3283
3184 3284
3185 3285
3186 3286
3187 3287
3187 3287
3189 3289
3189 3289
3190 3290
3190 3290
3191 3291
3192 3292
3194 3294
3194 3294
3195 3295
3195 3295
3195 3295
3196 3296
3196 3296
3197 3297
3197 3297
3198 3298
3198 3298
3198 3298
3199 3299
3200 3300
3201 3301
3202 3302
3203 3303
3206 3306
3206 3306
3207 3307
3210 3310
3210 3310
3212 3312
3214 3314
3214 3314
3214 3314
3215 3315
3216 3316
3217 3317
3218 3318
3220 3320
3221 3321
3223 3323
3223 3323
3225 3325
3226 3326
3227 3327
3229 3329
3229 3329
3232 3332
3234 3334
3235 3335
3236 3336
3238 3338
3239 3339
3241 3341
3241 3341
3242 3342
3245 3345
3246 3346
3247 3347
3249 3349
3251 3351
3252 3352
3253 3353
3256 3356
3258 3358
3260 3360
3260 3360
3261 3361
3261 3361
3261 3361
3262 3362
3262 3362
3262 3362
3262 3362
3265 3365
3265 3365
3266 3366
3267 3367
3268 3368
3269 3369
3272 3372
3274 3374
3274 3374
3275 3375
3277 3377
3277 3377
3277 3377
3278 3378
3279 3379
3280 3380
3282 3382
3282 3382
3282 3382
3284 3384
3284 3384
3285 3385
3285 3385
3286 3386
3286 3386
3287 3387
3287 3387
3288 3388
3290 3390
3292 3392
3292 3392
3293 3393
3294 3394
3295 3395
3295 3395
3295 3395
3296 3396
3297 3397
3300 3400
3301 3401
3302 3402
3302 3402
3303 3403
3304 3404
3307 3407
3308 3408
3308 3408
3308 3408
3310 3410
3311 3411
3311 3411
3314 3414
3315 3415
3315 3415
3316 3416
3316 3416
3318 3418
3318 3418
3318 3418
3320 3420
3320 3420
3321 3421
3322 3422
3322 3422
3323 3423
3325 3425
3325 3425
3326 3426
3327 3427
3328 3428
3329 3429
3329 3429
3330 3430
3331 3431
3333 3433
3334 3434
3336 3436
3338 3438
3339 3439
3339 3439
3339 3439
3339 3439
3340 3440
3342 3442
3343 3443
3344 3444
3344 3444
3347 3447
3347 3447
3347 3447
3348 3448
3349 3449
3350 3450
3352 3452
3353 3453
3353 3453
3353 3453
3354 3454
3356 3456
3357 3457
3358 3458
3359 3459
3360 3460
3361 3461
3361 3461
3362 3462
3363 3463
3364 3464
3366 3466
3366 3466
3367 3467
3369 3469
3370 3470
3373 3473
3373 3473
3374 3474
3376 3476
3377 3477
3378 3478
3379 3479
3381 3481
3381 3481
3382 3482
3383 3483
3385 3485
3385 3485
3385 3485
3387 3487
3387 3487
3387 3487
3388 3488
3391 3491
3391 3491
3392 3492
3393 3493
3394 3494
3394 3494
3395 3495
3396 3496
3396 3496
3398 3498
3398 3498
3400 3500
3402 3502
3403 3503
3403 3503
3404 3504
3406 3506
3408 3508
3408 3508
3409 3509
3410 3510
3414 3514
3415 3515
3416 3516
3417 3517
3417 3517
3419 3519
3421 3521
3423 3523
3423 3523
3423 3523
3424 3524
3426 3526
3427 3527
3427 3527
3428 3528
3430 3530
3431 3531
3433 3533
3433 3533
3435 3535
3438 3538
3438 3538
3439 3539
3440 3540
3441 3541
3443 3543
3444 3544
3444 3544
3445 3545
3445 3545
3447 3547
3449 3549
3451 3551
3452 3552
3454 3554
3454 3554
3454 3554
3455 3555
3457 3557
3458 3558
3460 3560
3462 3562
3462 3562
3463 3563
3464 3564
3464 3564
3464 3564
3466 3566
3468 3568
3468 3568
3468 3568
3468 3568
3469 3569
3470 3570
3470 3570
3470 3570
3471 3571
3471 3571
3473 3573
3473 3573
3474 3574
3475 3575
3476 3576
3477 3577
3478 3578
3479 3579
3479 3579
3480 3580
3480 3580
3481 3581
3481 3581
3482 3582
3482 3582
3483 3583
3485 3585
3485 3585
3485 3585
3487 3587
3487 3587
3489 3589
3489 3589
3490 3590
3493 3593
3494 3594
3495 3595
3495 3595
3496 3596
3497 3597
3498 3598
3500 3600
3501 3601
3503 3603
3503 3603
3503 3603
3504 3604
3504 3604
3505 3605
3505 3605
3506 3606
3506 3606
3507 3607
3507 3607
3508 3608
3510 3610
3511 3611
3511 3611
3513 3613
3515 3615
3516 3616
3517 3617
3517 3617
3519 3619
3521 3621
3523 3623
3523 3623
3524 3624
3525 3625
3527 3627
3529 3629
3531 3631
3532 3632
3534 3634
3535 3635
3537 3637
3537 3637
3538 3638
3539 3639
3542 3642
3543 3643
3543 3643
3544 3644
3545 3645
3546 3646
3546 3646
3546 3646
3546 3646
3549 3649
3549 3649
3550 3650
3551 3651
3552 3652
3554 3654
3554 3654
3556 3656
3559 3659
3561 3661
3563 3663
3565 3665
3566 3666
3566 3666
3567 3667
3569 3669
3570 3670
3570 3670
3571 3671
3573 3673
3573 3673
3574 3674
3575 3675
3575 3675
3576 3676
3578 3678
3579 3679
3580 3680
3580 3680
3580 3680
3581 3681
3582 3682
3582 3682
3583 3683
3584 3684
3584 3684
3585 3685
3586 3686
3586 3686
3587 3687
3589 3689
3590 3690
3590 3690
3590 3690
3590 3690
3591 3691
3592 3692
3594 3694
3595 3695
3596 3696
3598 3698
3599 3699
3599 3699
3600 3700
3600 3700
3601 3701
3603 3703
3604 3704
3605 3705
3606 3706
3606 3706
3607 3707
3608 3708
3609 3709
3610 3710
3610 3710
3611 3711
3611 3711
3613 3713
3614 3714
3614 3714
3616 3716
3618 3718
3619 3719
3620 3720
3622 3722
3624 3724
3625 3725
3626 3726
3628 3728
3630 3730
3631 3731
3633 3733
3634 3734
3634 3734
3635 3735
3637 3737
3638 3738
3639 3739
3639 3739
3641 3741
3644 3744
3645 3745
3646 3746
3646 3746
3647 3747
3648 3748
3648 3748
3650 3750
3650 3750
3651 3751
3652 3752
3654 3754
3655 3755
3656 3756
3657 3757
3657 3757
3658 3758
3659 3759
3660 3760
3660 3760
3661 3761
3663 3763
3665 3765
3665 3765
3667 3767
3668 3768
3669 3769
3669 3769
3670 3770
3671 3771
3672 3772
3673 3773
3673 3773
3673 3773
3673 3773
3675 3775
3676 3776
3676 3776
3677 3777
3678 3778
3679 3779
3680 3780
3680 3780
3681 3781
3682 3782
3685 3785
3686 3786
3687 3787
3688 3788
3690 3790
3690 3790
3690 3790
3691 3791
3692 3792
3693 3793
3696 3796
3697 3797
3697 3797
3700 3800
3701 3801
3701 3801
3702 3802
3704 3804
3706 3806
3706 3806
3707 3807
3708 3808
3708 3808
3710 3810
3711 3811
3712 3812
3714 3814
3714 3814
3715 3815
3716 3816
3717 3817
3718 3818
3718 3818
3719 3819
3720 3820
3721 3821
3722 3822
3724 3824
3725 3825
3726 3826
3726 3826
3727 3827
3729 3829
3729 3829
3729 3829
3731 3831
3731 3831
3733 3833
3734 3834
3734 3834
3734 3834
3735 3835
3736 3836
3736 3836
3737 3837
3737 3837
3738 3838
3740 3840
3742 3842
3743 3843
3743 3843
3743 3843
3745 3845
3746 3846
3746 3846
3747 3847
3748 3848
3749 3849
3749 3849
3749 3849
3751 3851
3752 3852
3754 3854
3756 3856
3757 3857
3758 3858
3758 3858
3759 3859
3759 3859
3760 3860
3761 3861
3762 3862
3764 3864
3765 3865
3766 3866
3768 3868
3769 3869
3769 3869
3770 3870
3772 3872
3773 3873
3774 3874
3776 3876
3777 3877
3779 3879
3780 3880
3781 3881
3781 3881
3782 3882
3783 3883
3785 3885
3786 3886
3787 3887
3789 3889
3791 3891
3791 3891
3792 3892
3792 3892
3793 3893
3793 3893
3795 3895
3795 3895
3797 3897
3800 3900
3802 3902
3804 3904
3805 3905
3805 3905
3806 3906
3806 3906
3808 3908
3808 3908
3808 3908
3809 3909
3809 3909
3812 3912
3813 3913
3814 3914
3816 3916
3816 3916
3817 3917
3817 3917
3819 3919
3819 3919
3819 3919
3821 3921
3821 3921
3822 3922
3824 3924
3824 3924
3826 3926
3826 3926
3827 3927
3827 3927
3829 3929
3830 3930
3832 3932
3834 3934
3836 3936
3836 3936
3838 3938
3839 3939
3840 3940
3841 3941
3842 3942
3843 3943
3845 3945
3846 3946
3847 3947
3847 3947
3848 3948
3848 3948
3848 3948
3850 3950
3850 3950
3851 3951
3851 3951
3852 3952
3853 3953
3853 3953
3855 3955
3856 3956
3858 3958
3858 3958
3860 3960
3861 3961
3862 3962
3862 3962
3862 3962
3863 3963
3865 3965
3866 3966
3867 3967
3870 3970
3870 3970
3872 3972
3874 3974
3875 3975
3876 3976
3876 3976
3877 3977
3878 3978
3879 3979
3881 3981
3881 3981
3882 3982
3882 3982
3882 3982
3883 3983
3884 3984
3885 3985
3886 3986
3886 3986
3886 3986
3888 3988
3889 3989
3890 3990
3891 3991
3891 3991
3893 3993
3894 3994
3896 3996
3898 3998
3899 3999
3901 4001
3902 4002
3903 4003
3903 4003
3905 4005
3907 4007
3908 4008
3908 4008
3910 4010
3910 4010
3911 4011
3913 4013
3914 4014
3915 4015
3916 4016
3917 4017
3919 4019
3920 4020
3920 4020
3920 4020
3921 4021
3922 4022
3923 4023
3924 4024
3925 4025
3926 4026
3927 4027
3928 4028
3929 4029
3929 4029
3929 4029
3930 4030
3930 4030
3932 4032
3934 4034
3937 4037
3938 4038
3939 4039
3940 4040
3941 4041
3941 4041
3942 4042
3942 4042
3944 4044
3944 4044
3945 4045
3946 4046
3947 4047
3947 4047
3947 4047
3948 4048
3949 4049
3949 4049
3950 4050
3951 4051
3951 4051
3952 4052
3953 4053
3953 4053
3954 4054
3955 4055
3956 4056
3957 4057
3958 4058
3960 4060
3962 4062
3963 4063
3963 4063
3966 4066
3966 4066
3966 4066
3967 4067
3969 4069
3969 4069
3970 4070
3970 4070
3971 4071
3973 4073
3973 4073
3975 4075
3975 4075
3977 4077
3978 4078
3981 4081
3982 4082
3983 4083
3983 4083
3983 4083
3984 4084
3984 4084
3985 4085
3986 4086
3987 4087
3987 4087
3990 4090
3992 4092
3994 4094
3994 4094
3996 4096
3998 4098
3999 4099
3999 4099
4001 4101
4004 4104
4005 4105
4006 4106
4007 4107
4009 4109
4009 4109
4009 4109
4010 4110
4010 4110
4011 4111
4012 4112
4013 4113
4014 4114
4014 4114
4015 4115
4016 4116
4017 4117
4019 4119
4020 4120
4021 4121
4022 4122
4024 4124
4027 4127
4028 4128
4029 4129
4031 4131
4032 4132
4033 4133
4034 4134
4034 4134
4034 4134
4036 4136
4037 4137
4040 4140
4041 4141
4043 4143
4043 4143
4044 4144
4045 4145
4046 4146
4046 4146
4048 4148
4048 4148
4049 4149
4050 4150
4051 4151
4051 4151
4052 4152
4054 4154
4055 4155
4056 4156
4056 4156
4058 4158
4060 4160
4060 4160
4061 4161
4063 4163
4063 4163
4065 4165
4068 4168
4069 4169
4070 4170
4070 4170
4070 4170
4072 4172
4073 4173
4073 4173
4074 4174
4075 4175
4075 4175
4076 4176
4077 4177
4077 4177
4079 4179
4079 4179
4079 4179
4080 4180
4080 4180
4081 4181
4082 4182
4083 4183
4083 4183
4083 4183
4084 4184
4086 4186
4087 4187
4089 4189
4089 4189
4089 4189
4090 4190
4091 4191
4091 4191
4092 4192
4092 4192
4093 4193
4093 4193
4093 4193
4093 4193
4095 4195
4097 4197
4097 4197
4099 4199
4099 4199
4100 4200
4100 4200
4101 4201
4101 4201
4102 4202
4102 4202
4105 4205
4106 4206
4107 4207
4107 4207
4108 4208
4108 4208
4109 4209
4110 4210
4111 4211
4111 4211
4112 4212
4112 4212
4113 4213
4115 4215
4117 4217
4119 4219
4119 4219
4120 4220
4120 4220
4121 4221
4122 4222
4123 4223
4123 4223
4125 4225
4126 4226
4128 4228
4129 4229
4130 4230
4132 4232
4135 4235
4135 4235
4136 4236
4137 4237
4138 4238
4140 4240
4142 4242
4142 4242
4145 4245
4146 4246
4148 4248
4149 4249
4150 4250
4152 4252
4153 4253
4153 4253
4154 4254
4155 4255
4158 4258
4159 4259
4161 4261
4162 4262
4163 4263
4165 4265
4165 4265
4168 4268
4169 4269
4169 4269
4169 4269
4171 4271
4172 4272
4173 4273
4174 4274
4176 4276
4178 4278
4178 4278
4180 4280
4181 4281
4184 4284
4184 4284
4185 4285
4186 4286
4187 4287
4188 4288
4188 4288
4189 4289
4190 4290
4190 4290
4191 4291
4192 4292
4193 4293
4194 4294
4194 4294
4195 4295
4195 4295
4196 4296
4197 4297
4198 4298
4198 4298
4199 4299
4201 4301
4201 4301
4202 4302
4203 4303
4204 4304
4205 4305
4207 4307
4207 4307
4207 4307
4208 4308
4208 4308
4210 4310
4210 4310
4210 4310
4212 4312
4212 4312
4214 4314
4215 4315
4215 4315
4217 4317
4219 4319
4220 4320
4220 4320
4222 4322
4222 4322
4222 4322
4223 4323
4224 4324
4224 4324
4225 4325
4226 4326
4227 4327
4228 4328
4228 4328
4229 4329
4230 4330
4231 4331
4231 4331
4233 4333
4233 4333
4235 4335
4236 4336
4238 4338
4239 4339
4240 4340
4242 4342
4244 4344
4246 4346
4247 4347
4249 4349
4250 4350
4250 4350
4252 4352
4253 4353
4253 4353
4254 4354
4256 4356
4256 4356
4256 4356
4258 4358
4259 4359
4260 4360
4261 4361
4262 4362
4264 4364
4264 4364
4265 4365
4266 4366
4267 4367
4267 4367
4267 4367
4269 4369
4270 4370
4271 4371
4271 4371
4273 4373
4274 4374
4276 4376
4278 4378
4279 4379
4281 4381
4281 4381
4282 4382
4285 4385
4286 4386
4287 4387
4289 4389
4290 4390
4292 4392
4293 4393
4294 4394
4294 4394
4294 4394
4295 4395
4297 4397
4298 4398
4298 4398
4299 4399
4300 4400
4301 4401
4303 4403
4304 4404
4305 4405
4306 4406
4308 4408
4309 4409
4310 4410
4311 4411
4311 4411
4313 4413
4316 4416
4317 4417
4318 4418
4318 4418
4319 4419
4319 4419
4321 4421
4322 4422
4324 4424
4325 4425
4326 4426
4327 4427
4328 4428
4329 4429
4330 4430
4331 4431
4332 4432
4333 4433
4333 4433
4334 4434
4336 4436
4336 4436
4338 4438
4338 4438
4338 4438
4338 4438
4339 4439
4340 4440
4342 4442
4342 4442
4342 4442
4343 4443
4343 4443
4345 4445
4345 4445
4347 4447
4347 4447
4347 4447
4348 4448
4348 4448
4349 4449
4350 4450
4353 4453
4353 4453
4355 4455
4355 4455
4355 4455
4356 4456
4357 4457
4357 4457
4359 4459
4359 4459
4360 4460
4360 4460
4361 4461
4362 4462
4363 4463
4363 4463
4366 4466
4366 4466
4368 4468
4368 4468
4370 4470
4372 4472
4373 4473
4374 4474
4374 4474
4375 4475
4375 4475
4376 4476
4377 4477
4379 4479
4380 4480
4381 4481
4382 4482
4383 4483
4383 4483
4384 4484
4386 4486
4386 4486
4386 4486
4388 4488
4388 4488
4389 4489
4389 4489
4392 4492
4393 4493
4395 4495
4397 4497
4399 4499
4399 4499
4400 4500
4400 4500
4401 4501
4402 4502
4402 4502
4404 4504
4405 4505
4407 4507
4408 4508
4409 4509
4410 4510
4412 4512
4413 4513
4415 4515
4416 4516
4418 4518
4419 4519
4420 4520
4420 4520
4420 4520
4422 4522
4422 4522
4423 4523
4424 4524
4425 4525
4427 4527
4428 4528
4429 4529
4431 4531
4432 4532
4433 4533
4435 4535
4438 4538
4439 4539
4440 4540
4441 4541
4442 4542
4444 4544
4447 4547
4449 4549
4449 4549
4449 4549
4452 4552
4453 4553
4454 4554
4455 4555
4456 4556
4456 4556
4457 4557
4457 4557
4457 4557
4458 4558
4458 4558
4459 4559
4460 4560
4461 4561
4461 4561
4462 4562
4463 4563
4465 4565
4465 4565
4466 4566
4466 4566
4467 4567
4467 4567
4469 4569
4472 4572
4473 4573
4474 4574
4474 4574
4474 4574
4475 4575
4476 4576
4476 4576
4477 4577
4478 4578
4478 4578
4479 4579
4481 4581
4482 4582
4482 4582
4482 4582
4482 4582
4483 4583
4483 4583
4484 4584
4484 4584
4485 4585
4486 4586
4487 4587
4488 4588
4489 4589
4489 4589
4490 4590
4490 4590
4491 4591
4491 4591
4491 4591
4493 4593
4494 4594
4494 4594
4494 4594
4495 4595
4495 4595
4496 4596
4497 4597
4499 4599
4501 4601
4504 4604
4506 4606
4506 4606
4506 4606
4509 4609
4509 4609
4510 4610
4514 4614
4515 4615
4515 4615
4516 4616
4517 4617
4517 4617
4517 4617
4517 4617
4517 4617
4521 4621
4523 4623
4524 4624
4526 4626
4527 4627
4528 4628
4528 4628
4529 4629
4532 4632
4533 4633
4535 4635
4536 4636
4536 4636
4538 4638
4540 4640
4541 4641
4542 4642
4544 4644
4545 4645
4546 4646
4548 4648
4550 4650
4551 4651
4554 4654
4554 4654
4554 4654
4556 4656
4556 4656
4557 4657
4557 4657
4558 4658
4559 4659
4560 4660
4560 4660
4561 4661
4562 4662
4563 4663
4563 4663
4563 4663
4564 4664
4565 4665
4566 4666
4566 4666
4567 4667
4568 4668
4569 4669
4569 4669
4569 4669
4570 4670
4572 4672
4572 4672
4572 4672
4574 4674
4575 4675
4576 4676
4577 4677
4577 4677
4577 4677
4580 4680
4581 4681
4581 4681
4582 4682
4583 4683
4584 4684
4584 4684
4585 4685
4586 4686
4587 4687
4588 4688
4589 4689
4589 4689
4590 4690
4591 4691
4592 4692
4593 4693
4595 4695
4595 4695
4596 4696
4596 4696
4597 4697
4598 4698
4598 4698
4601 4701
4602 4702
4603 4703
4605 4705
4605 4705
4606 4706
4607 4707
4608 4708
4610 4710
4611 4711
4614 4714
4615 4715
4616 4716
4618 4718
4620 4720
4621 4721
4623 4723
4624 4724
4624 4724
4627 4727
4629 4729
4629 4729
4629 4729
4630 4730
4631 4731
4633 4733
4635 4735
4637 4737
4639 4739
4640 4740
4642 4742
4642 4742
4643 4743
4645 4745
4645 4745
4646 4746
4648 4748
4648 4748
4649 4749
4650 4750
4652 4752
4654 4754
4655 4755
4655 4755
4655 4755
4657 4757
4658 4758
4659 4759
4660 4760
4661 4761
4663 4763
4663 4763
4664 4764
4665 4765
4666 4766
4667 4767
4668 4768
4669 4769
4669 4769
4671 4771
4672 4772
4672 4772
4673 4773
4673 4773
4674 4774
4676 4776
4677 4777
4677 4777
4679 4779
4680 4780
4680 4780
4681 4781
4681 4781
4682 4782
4684 4784
4684 4784
4685 4785
4685 4785
4686 4786
4686 4786
4687 4787
4687 4787
4689 4789
4690 4790
4691 4791
4692 4792
4693 4793
4693 4793
4695 4795
4695 4795
4697 4797
4697 4797
4699 4799
4702 4802
4703 4803
4704 4804
4705 4805
4705 4805
4706 4806
4707 4807
4708 4808
4708 4808
4709 4809
4710 4810
4712 4812
4714 4814
4714 4814
4716 4816
4717 4817
4717 4817
4718 4818
4719 4819
4720 4820
4722 4822
4723 4823
4723 4823
4725 4825
4725 4825
4726 4826
4729 4829
4730 4830
4731 4831
4732 4832
4733 4833
4734 4834
4737 4837
4738 4838
4738 4838
4739 4839
4741 4841
4742 4842
4742 4842
4742 4842
4742 4842
4744 4844
4744 4844
4745 4845
4746 4846
4747 4847
4748 4848
4749 4849
4750 4850
4750 4850
4750 4850
4751 4851
4752 4852
4752 4852
4754 4854
4754 4854
4755 4855
4756 4856
4757 4857
4759 4859
4760 4860
4761 4861
4762 4862
4762 4862
4762 4862
4764 4864
4765 4865
4765 4865
4767 4867
4767 4867
4769 4869
4770 4870
4770 4870
4770 4870
4772 4872
4772 4872
4773 4873
4774 4874
4775 4875
4775 4875
4776 4876
4777 4877
4778 4878
4779 4879
4779 4879
4779 4879
4781 4881
4782 4882
4782 4882
4785 4885
4786 4886
4786 4886
4787 4887
4789 4889
4791 4891
4792 4892
4794 4894
4796 4896
4797 4897
4797 4897
4799 4899
4799 4899
4799 4899
4800 4900
4802 4902
4805 4905
4805 4905
4807 4907
4808 4908
4808 4908
4809 4909
4811 4911
4812 4912
4813 4913
4813 4913
4814 4914
4816 4916
4816 4916
4817 4917
4817 4917
4818 4918
4820 4920
4821 4921
4824 4924
4824 4924
4827 4927
4828 4928
4830 4930
4831 4931
4831 4931
4833 4933
4834 4934
4835 4935
4835 4935
4836 4936
4836 4936
4839 4939
4840 4940
4840 4940
4841 4941
4842 4942
4843 4943
4844 4944
4844 4944
4844 4944
4845 4945
4846 4946
4846 4946
4847 4947
4848 4948
4850 4950
4852 4952
4852 4952
4853 4953
4853 4953
4853 4953
4855 4955
4855 4955
4856 4956
4856 4956
4857 4957
4857 4957
4857 4957
4859 4959
4861 4961
4861 4961
4863 4963
4865 4965
4867 4967
4867 4967
4867 4967
4869 4969
4871 4971
4872 4972
4872 4972
4872 4972
4872 4972
4873 4973
4874 4974
4875 4975
4875 4975
4876 4976
4877 4977
4878 4978
4878 4978
4880 4980
4882 4982
4883 4983
4883 4983
4885 4985
4886 4986
4887 4987
4887 4987
4891 4991
4892 4992
4893 4993
4894 4994
4895 4995
4896 4996
4896 4996
4898 4998
4898 4998
4900 5000
4901 5001
4901 5001
4903 5003
4904 5004
4906 5006
4907 5007
4909 5009
4911 5011
4913 5013
4914 5014
4914 5014
4914 5014
4915 5015
4916 5016
4917 5017
4918 5018
4918 5018
4921 5021
4921 5021
4921 5021
4923 5023
4924 5024
4926 5026
4928 5028
4928 5028
4929 5029
4930 5030
4931 5031
4932 5032
4933 5033
4933 5033
4935 5035
4935 5035
4936 5036
4936 5036
4938 5038
4938 5038
4938 5038
4939 5039
4940 5040
4942 5042
4944 5044
4945 5045
4946 5046
4946 5046
4948 5048
4948 5048
4951 5051
4953 5053
4954 5054
4955 5055
4956 5056
4957 5057
4957 5057
4958 5058
4959 5059
4960 5060
4962 5062
4962 5062
4962 5062
4962 5062
4963 5063
4966 5066
4967 5067
4968 5068
4969 5069
4970 5070
4973 5073
4973 5073
4974 5074
4974 5074
4975 5075
4977 5077
4977 5077
4979 5079
4980 5080
4981 5081
4984 5084
4984 5084
4986 5086
4986 5086
4988 5088
4988 5088
4990 5090
4992 5092
4992 5092
4993 5093
4994 5094
4995 5095
4995 5095
4996 5096
4996 5096
4997 5097
4998 5098
5000 5100
5000 5100
5001 5101
5001 5101
5001 5101
5002 5102
5003 5103
5004 5104
5006 5106
5007 5107
5008 5108
5011 5111
5011 5111
5013 5113
5013 5113
5014 5114
5015 5115
5016 5116
5017 5117
5017 5117
5017 5117
5019 5119
5020 5120
5021 5121
5022 5122
5022 5122
5022 5122
5024 5124
5025 5125
5026 5126
5027 5127
5028 5128
5030 5130
5030 5130
5031 5131
5032 5132
5032 5132
5034 5134
5035 5135
5035 5135
5036 5136
5037 5137
5038 5138
5040 5140
5042 5142
5043 5143
5043 5143
5045 5145
5046 5146
5047 5147
5049 5149
5052 5152
5052 5152
5053 5153
5054 5154
5055 5155
5055 5155
5056 5156
5056 5156
5056 5156
5058 5158
5059 5159
5059 5159
5060 5160
5060 5160
5062 5162
5063 5163
5064 5164
5065 5165
5065 5165
5068 5168
5068 5168
5068 5168
5070 5170
5071 5171
5074 5174
5076 5176
5076 5176
5076 5176
5077 5177
5077 5177
5079 5179
5079 5179
5080 5180
5080 5180
5082 5182
5082 5182
5085 5185
5085 5185
5088 5188
5088 5188
5090 5190
5090 5190
5091 5191
5091 5191
5092 5192
5094 5194
5094 5194
5095 5195
5095 5195
5097 5197
5098 5198
5098 5198
5100 5200
5100 5200
5100 5200
5102 5202
5103 5203
5107 5207
5108 5208
5109 5209
5110 5210
5110 5210
5111 5211
5113 5213
5113 5213
5113 5213
5115 5215
5116 5216
5117 5217
5118 5218
5120 5220
5122 5222
5122 5222
5122 5222
5122 5222
5123 5223
5124 5224
5125 5225
5126 5226
5128 5228
5131 5231
5131 5231
5133 5233
5134 5234
5135 5235
5137 5237
5137 5237
5137 5237
5137 5237
5138 5238
5139 5239
5142 5242
5142 5242
5144 5244
5144 5244
5145 5245
5147 5247
5147 5247
5148 5248
5148 5248
5150 5250
5151 5251
5153 5253
5153 5253
5154 5254
5154 5254
5155 5255
5155 5255
5155 5255
5156 5256
5156 5256
5158 5258
5158 5258
5159 5259
5161 5261
5161 5261
5163 5263
5165 5265
5165 5265
5167 5267
5167 5267
5168 5268
5168 5268
5169 5269
5169 5269
5173 5273
5174 5274
5175 5275
5176 5276
5177 5277
5177 5277
5177 5277
5178 5278
5178 5278
5178 5278
5179 5279
5180 5280
5180 5280
5181 5281
5181 5281
5183 5283
5183 5283
5184 5284
5187 5287
5187 5287
5187 5287
5188 5288
5189 5289
5191 5291
5193 5293
5194 5294
5194 5294
5194 5294
5194 5294
5196 5296
5197 5297
5199 5299
5199 5299
5201 5301
5201 5301
5203 5303
5205 5305
5207 5307
5209 5309
5209 5309
5211 5311
5212 5312
5214 5314
5214 5314
5215 5315
5216 5316
5218 5318
5220 5320
5220 5320
5220 5320
5220 5320
5222 5322
5224 5324
5225 5325
5225 5325
5225 5325
5226 5326
5228 5328
5230 5330
5232 5332
5233 5333
5236 5336
5236 5336
5236 5336
5238 5338
5239 5339
5241 5341
5241 5341
5244 5344
5244 5344
5245 5345
5245 5345
5246 5346
5247 5347
5250 5350
5251 5351
5252 5352
5254 5354
5255 5355
5255 5355
5256 5356
5258 5358
5258 5358
5259 5359
5260 5360
5261 5361
5262 5362
5263 5363
5264 5364
5264 5364
5265 5365
5266 5366
5267 5367
5267 5367
5268 5368
5269 5369
5269 5369
5270 5370
5270 5370
5271 5371
5272 5372
5272 5372
5274 5374
5275 5375
5276 5376
5277 5377
5278 5378
5280 5380
5281 5381
5282 5382
5282 5382
5283 5383
5283 5383
5284 5384
5285 5385
5286 5386
5287 5387
5289 5389
5289 5389
5290 5390
5290 5390
5291 5391
5293 5393
5293 5393
5295 5395
5295 5395
5296 5396
5296 5396
5298 5398
5299 5399
5300 5400
5300 5400
5301 5401
5303 5403
5304 5404
5304 5404
5304 5404
5305 5405
5306 5406
5307 5407
5307 5407
5308 5408
5310 5410
5312 5412
5313 5413
5315 5415
5316 5416
5318 5418
5320 5420
5322 5422
5323 5423
5324 5424
5326 5426
5327 5427
5327 5427
5328 5428
5328 5428
5330 5430
5331 5431
5331 5431
5333 5433
5334 5434
5336 5436
5337 5437
5337 5437
5339 5439
5339 5439
5340 5440
5341 5441
5342 5442
5344 5444
5345 5445
5346 5446
5348 5448
5349 5449
5350 5450
5350 5450
5352 5452
5354 5454
5354 5454
5355 5455
5356 5456
5357 5457
5359 5459
5360 5460
5361 5461
5361 5461
5362 5462
5364 5464
5364 5464
5365 5465
5366 5466
5367 5467
5367 5467
5368 5468
5368 5468
5369 5469
5370 5470
5371 5471
5371 5471
5372 5472
5372 5472
5374 5474
5374 5474
5375 5475
5377 5477
5379 5479
5379 5479
5380 5480
5381 5481
5383 5483
5384 5484
5385 5485
5385 5485
5387 5487
5388 5488
5390 5490
5391 5491
5392 5492
5395 5495
5395 5495
5395 5495
5395 5495
5396 5496
5397 5497
5399 5499
5399 5499
5401 5501
5403 5503
5404 5504
5404 5504
5404 5504
5405 5505
5406 5506
5407 5507
5408 5508
5408 5508
5410 5510
5410 5510
5412 5512
5413 5513
5414 5514
5416 5516
5417 5517
5419 5519
5419 5519
5420 5520
5421 5521
5423 5523
5424 5524
5426 5526
5427 5527
5429 5529
5431 5531
5431 5531
5431 5531
5433 5533
5434 5534
5435 5535
5436 5536
5436 5536
5439 5539
5439 5539
5440 5540
5441 5541
5442 5542
5442 5542
5443 5543
5445 5545
5446 5546
5447 5547
5447 5547
5448 5548
5448 5548
5450 5550
5451 5551
5452 5552
5453 5553
5456 5556
5456 5556
5456 5556
5457 5557
5458 5558
5459 5559
5461 5561
5462 5562
5463 5563
5465 5565
5466 5566
5466 5566
5467 5567
5470 5570
5471 5571
5472 5572
5473 5573
5475 5575
5475 5575
5477 5577
5479 5579
5480 5580
5480 5580
5481 5581
5483 5583
5483 5583
5484 5584
5484 5584
5485 5585
5485 5585
5486 5586
5486 5586
5488 5588
5488 5588
5490 5590
5491 5591
5492 5592
5493 5593
5495 5595
5495 5595
5496 5596
5497 5597
5497 5597
5497 5597
5497 5597
5498 5598
5499 5599
5500 5600
5501 5601
5501 5601
5502 5602
5502 5602
5505 5605
5505 5605
5505 5605
5505 5605
5506 5606
5507 5607
5508 5608
5509 5609
5511 5611
5511 5611
5513 5613
5514 5614
5514 5614
5515 5615
5516 5616
5517 5617
5517 5617
5517 5617
5518 5618
5518 5618
5519 5619
5520 5620
5520 5620
5520 5620
5521 5621
5523 5623
5523 5623
5526 5626
5526 5626
5526 5626
5526 5626
5529 5629
5531 5631
5531 5631
5533 5633
5534 5634
5534 5634
5535 5635
5537 5637
5539 5639
5539 5639
5540 5640
5540 5640
5541 5641
5542 5642
5545 5645
5546 5646
5547 5647
5549 5649
5552 5652
5553 5653
5554 5654
5554 5654
5558 5658
5558 5658
5559 5659
5559 5659
5560 5660
5560 5660
5561 5661
5562 5662
5564 5664
5566 5666
5566 5666
5566 5666
5566 5666
5567 5667
5568 5668
5570 5670
5570 5670
5570 5670
5571 5671
5571 5671
5573 5673
5574 5674
5575 5675
5576 5676
5578 5678
5578 5678
5578 5678
5580 5680
5580 5680
5584 5684
5584 5684
5584 5684
5584 5684
5587 5687
5587 5687
5589 5689
5591 5691
5592 5692
5592 5692
5592 5692
5594 5694
5595 5695
5597 5697
5598 5698
5598 5698
5598 5698
5598 5698
5600 5700
5601 5701
5602 5702
5602 5702
5603 5703
5603 5703
5604 5704
5606 5706
5608 5708
5609 5709
5610 5710
5611 5711
5612 5712
5613 5713
5614 5714
5615 5715
5618 5718
5620 5720
5622 5722
5623 5723
5624 5724
5626 5726
5626 5726
5627 5727
5629 5729
5629 5729
5630 5730
5631 5731
5631 5731
5632 5732
5632 5732
5634 5734
5635 5735
5635 5735
5637 5737
5638 5738
5638 5738
5639 5739
5640 5740
5641 5741
5641 5741
5642 5742
5643 5743
5645 5745
5646 5746
5646 5746
5647 5747
5648 5748
5649 5749
5649 5749
5651 5751
5651 5751
5654 5754
5654 5754
5655 5755
5656 5756
5656 5756
5657 5757
5659 5759
5660 5760
5661 5761
5662 5762
5662 5762
5665 5765
5665 5765
5667 5767
5667 5767
5668 5768
5668 5768
5669 5769
5670 5770
5671 5771
5671 5771
5672 5772
5673 5773
5675 5775
5675 5775
5677 5777
5678 5778
5679 5779
5681 5781
5681 5781
5684 5784
5685 5785
5687 5787
5688 5788
5689 5789
5690 5790
5691 5791
5693 5793
5693 5793
5694 5794
5696 5796
5697 5797
5699 5799
5700 5800
5701 5801
5703 5803
5703 5803
5705 5805
5705 5805
5705 5805
5707 5807
5708 5808
5710 5810
5712 5812
5713 5813
5713 5813
5714 5814
5716 5816
5716 5816
5716 5816
5716 5816
5718 5818
5719 5819
5720 5820
5722 5822
5723 5823
5723 5823
5724 5824
5725 5825
5726 5826
5727 5827
5728 5828
5728 5828
5728 5828
5730 5830
5731 5831
5731 5831
5733 5833
5733 5833
5734 5834
5735 5835
5735 5835
5736 5836
5737 5837
5738 5838
5740 5840
5742 5842
5742 5842
5743 5843
5745 5845
5745 5845
5746 5846
5746 5846
5746 5846
5748 5848
5748 5848
5749 5849
5750 5850
5751 5851
5752 5852
5752 5852
5754 5854
5756 5856
5756 5856
5758 5858
5758 5858
5758 5858
5759 5859
5760 5860
5761 5861
5763 5863
5764 5864
5766 5866
5766 5866
5767 5867
5768 5868
5769 5869
5770 5870
5772 5872
5773 5873
5774 5874
5776 5876
5779 5879
5780 5880
5782 5882
5785 5885
5786 5886
5786 5886
5786 5886
5787 5887
5788 5888
5789 5889
5790 5890
5792 5892
5793 5893
5793 5893
5793 5893
5794 5894
5796 5896
5797 5897
5799 5899
5799 5899
5801 5901
5801 5901
5802 5902
5803 5903
5806 5906
5806 5906
5808 5908
5809 5909
5810 5910
5811 5911
5812 5912
5812 5912
5814 5914
5815 5915
5816 5916
5817 5917
5818 5918
5819 5919
5820 5920
5820 5920
5821 5921
5822 5922
5824 5924
5824 5924
5824 5924
5824 5924
5824 5924
5825 5925
5826 5926
5827 5927
5827 5927
5827 5927
5828 5928
5828 5928
5829 5929
5830 5930
5831 5931
5832 5932
5832 5932
5833 5933
5835 5935
5837 5937
5838 5938
5839 5939
5839 5939
5840 5940
5840 5940
5843 5943
5843 5943
5843 5943
5845 5945
5845 5945
5845 5945
5848 5948
5850 5950
5851 5951
5851 5951
5853 5953
5853 5953
5854 5954
5855 5955
5855 5955
5855 5955
5856 5956
5858 5958
5858 5958
5860 5960
5860 5960
5861 5961
5864 5964
5866 5966
5868 5968
5869 5969
5869 5969
5872 5972
5872 5972
5874 5974
5874 5974
5875 5975
5878 5978
5879 5979
5879 5979
5881 5981
5882 5982
5883 5983
5884 5984
5885 5985
5886 5986
5887 5987
5888 5988
5888 5988
5888 5988
5889 5989
5890 5990
5891 5991
5892 5992
5893 5993
5894 5994
5895 5995
5896 5996
5897 5997
5898 5998
5899 5999
5899 5999
5901 6001
5902 6002
5902 6002
5903 6003
5904 6004
5904 6004
5906 6006
5907 6007
5910 6010
5911 6011
5911 6011
5911 6011
5912 6012
5912 6012
5912 6012
5913 6013
5914 6014
5915 6015
5916 6016
5917 6017
5917 6017
5917 6017
5918 6018
5918 6018
5919 6019
5922 6022
5923 6023
5923 6023
5925 6025
5926 6026
5927 6027
5927 6027
5929 6029
5931 6031
5932 6032
5934 6034
5935 6035
5935 6035
5936 6036
5937 6037
5938 6038
5939 6039
5940 6040
5941 6041
5944 6044
5946 6046
5947 6047
5947 6047
5947 6047
5949 6049
5951 6051
5951 6051
5952 6052
5953 6053
5955 6055
5955 6055
5957 6057
5958 6058
5959 6059
5959 6059
5959 6059
5961 6061
5963 6063
5965 6065
5967 6067
5969 6069
5970 6070
5972 6072
5973 6073
5974 6074
5975 6075
5975 6075
5975 6075
5975 6075
5976 6076
5977 6077
5979 6079
5981 6081
5982 6082
5983 6083
5983 6083
5984 6084
5984 6084
5984 6084
5985 6085
5986 6086
5987 6087
5989 6089
5990 6090
5992 6092
5994 6094
5994 6094
5995 6095
5995 6095
5995 6095
5996 6096
5997 6097
5998 6098
6000 6100
6002 6102
6002 6102
6003 6103
6005 6105
6005 6105
6006 6106
6007 6107
6007 6107
6009 6109
6011 6111
6013 6113
6013 6113
6015 6115
6016 6116
6017 6117
6017 6117
6017 6117
6019 6119
6019 6119
6020 6120
6020 6120
6021 6121
6024 6124
6026 6126
6027 6127
6027 6127
6029 6129
6030 6130
6032 6132
6032 6132
6035 6135
6035 6135
6036 6136
6037 6137
6038 6138
6039 6139
6040 6140
6041 6141
6044 6144
6046 6146
6047 6147
6048 6148
6049 6149
6049 6149
6050 6150
6050 6150
6051 6151
6052 6152
6053 6153
6054 6154
6055 6155
6056 6156
6056 6156
6056 6156
6057 6157
6057 6157
6059 6159
6060 6160
6061 6161
6062 6162
6062 6162
6062 6162
6063 6163
6063 6163
6065 6165
6067 6167
6067 6167
6068 6168
6069 6169
6070 6170
6072 6172
6072 6172
6074 6174
6076 6176
6076 6176
6076 6176
6076 6176
6077 6177
6078 6178
6078 6178
6079 6179
6079 6179
6080 6180
6080 6180
6080 6180
6082 6182
6083 6183
6084 6184
6084 6184
6085 6185
6086 6186
6086 6186
6087 6187
6087 6187
6087 6187
6089 6189
6089 6189
6090 6190
6092 6192
6092 6192
6094 6194
6096 6196
6098 6198
6099 6199
6101 6201
6103 6203
6104 6204
6105 6205
6106 6206
6107 6207
6109 6209
6109 6209
6110 6210
6112 6212
6114 6214
6114 6214
6116 6216
6116 6216
6117 6217
6119 6219
6120 6220
6121 6221
6121 6221
6122 6222
6122 6222
6124 6224
6124 6224
6127 6227
6127 6227
6128 6228
6131 6231
6132 6232
6134 6234
6136 6236
6137 6237
6138 6238
6139 6239
6140 6240
6142 6242
6142 6242
6143 6243
6145 6245
6145 6245
6145 6245
6146 6246
6147 6247
6148 6248
6148 6248
6148 6248
6150 6250
6151 6251
6151 6251
6151 6251
6152 6252
6153 6253
6155 6255
6156 6256
6157 6257
6157 6257
6158 6258
6158 6258
6159 6259
6160 6260
6160 6260
6161 6261
6163 6263
6163 6263
6164 6264
6164 6264
6164 6264
6165 6265
6167 6267
6169 6269
6170 6270
6171 6271
6173 6273
6174 6274
6174 6274
6175 6275
6176 6276
6177 6277
6177 6277
6178 6278
6179 6279
6180 6280
6181 6281
6182 6282
6182 6282
6183 6283
6183 6283
6185 6285
6186 6286
6187 6287
6190 6290
6191 6291
6192 6292
6193 6293
6194 6294
6195 6295
6199 6299
6200 6300
6200 6300
6202 6302
6203 6303
6203 6303
6204 6304
6205 6305
6207 6307
6209 6309
6211 6311
6212 6312
6215 6315
6215 6315
6216 6316
6217 6317
6220 6320
6221 6321
6222 6322
6222 6322
6222 6322
6224 6324
6224 6324
6225 6325
6226 6326
6226 6326
6228 6328
6230 6330
6230 6330
6231 6331
6232 6332
6234 6334
6234 6334
6237 6337
6239 6339
6241 6341
6241 6341
6241 6341
6242 6342
6243 6343
6245 6345
6245 6345
6245 6345
6246 6346
6248 6348
6249 6349
6250 6350
6251 6351
6251 6351
6252 6352
6252 6352
6254 6354
6254 6354
6256 6356
6257 6357
6257 6357
6259 6359
6259 6359
6259 6359
6260 6360
6261 6361
6261 6361
6261 6361
6263 6363
6264 6364
6264 6364
6265 6365
6266 6366
6266 6366
6267 6367
6267 6367
6268 6368
6270 6370
6272 6372
6274 6374
6274 6374
6275 6375
6275 6375
6275 6375
6277 6377
6279 6379
6279 6379
6281 6381
6282 6382
6284 6384
6284 6384
6284 6384
6284 6384
6286 6386
6287 6387
6287 6387
6288 6388
6288 6388
6289 6389
6289 6389
6290 6390
6290 6390
6292 6392
6293 6393
6294 6394
6295 6395
6296 6396
6296 6396
6297 6397
6298 6398
6298 6398
6300 6400
6302 6402
6303 6403
6305 6405
6305 6405
6307 6407
6308 6408
6309 6409
6311 6411
6314 6414
6314 6414
6315 6415
6317 6417
6317 6417
6318 6418
6319 6419
6320 6420
6321 6421
6322 6422
6323 6423
6324 6424
6326 6426
6326 6426
6327 6427
6327 6427
6328 6428
6329 6429
6330 6430
6331 6431
6332 6432
6332 6432
6333 6433
6335 6435
6338 6438
6339 6439
6341 6441
6342 6442
6343 6443
6345 6445
6346 6446
6347 6447
6347 6447
6348 6448
6349 6449
6350 6450
6351 6451
6353 6453
6354 6454
6355 6455
6355 6455
6355 6455
6355 6455
6356 6456
6356 6456
6357 6457
6358 6458
6359 6459
6361 6461
6362 6462
6362 6462
6363 6463
6364 6464
6364 6464
6365 6465
6367 6467
6367 6467
6369 6469
6369 6469
6371 6471
6372 6472
6374 6474
6375 6475
6376 6476
6377 6477
6378 6478
6380 6480
6380 6480
6381 6481
6382 6482
6382 6482
6382 6482
6382 6482
6385 6485
6386 6486
6387 6487
6388 6488
6388 6488
6389 6489
6390 6490
6390 6490
6391 6491
6392 6492
6393 6493
6397 6497
6397 6497
6398 6498
6399 6499
6400 6500
6401 6501
6402 6502
6403 6503
6405 6505
6407 6507
6408 6508
6409 6509
6410 6510
6411 6511
6411 6511
6413 6513
6415 6515
6416 6516
6418 6518
6419 6519
6420 6520
6420 6520
6421 6521
6421 6521
6423 6523
6424 6524
6425 6525
6425 6525
6426 6526
6427 6527
6428 6528
6430 6530
6432 6532
6434 6534
6435 6535
6437 6537
6437 6537
6437 6537
6437 6537
6438 6538
6440 6540
6441 6541
6442 6542
6443 6543
6445 6545
6446 6546
6447 6547
6447 6547
6448 6548
6448 6548
6449 6549
6450 6550
6452 6552
6452 6552
6454 6554
6455 6555
6455 6555
6456 6556
6456 6556
6457 6557
6458 6558
6459 6559
6460 6560
6460 6560
6461 6561
6461 6561
6463 6563
6464 6564
6465 6565
6465 6565
6466 6566
6466 6566
6467 6567
6468 6568
6470 6570
6471 6571
6472 6572
6473 6573
6474 6574
6475 6575
6476 6576
6477 6577
6477 6577
6478 6578
6478 6578
6479 6579
6481 6581
6481 6581
6483 6583
6483 6583
6485 6585
6486 6586
6487 6587
6488 6588
6489 6589
6490 6590
6491 6591
6492 6592
6492 6592
6493 6593
6494 6594
6496 6596
6496 6596
6498 6598
6498 6598
6499 6599
6501 6601
6502 6602
6504 6604
6505 6605
6508 6608
6508 6608
6509 6609
6511 6611
6513 6613
6514 6614
6514 6614
6515 6615
6516 6616
6518 6618
6520 6620
6521 6621
6521 6621
6524 6624
6524 6624
6525 6625
6525 6625
6526 6626
6528 6628
6529 6629
6530 6630
6531 6631
6533 6633
6533 6633
6534 6634
6536 6636
6537 6637
6537 6637
6539 6639
6541 6641
6541 6641
6542 6642
6544 6644
6545 6645
6545 6645
6547 6647
6548 6648
6549 6649
6549 6649
6550 6650
6552 6652
6553 6653
6554 6654
6554 6654
6555 6655
6556 6656
6556 6656
6557 6657
6558 6658
6560 6660
6560 6660
6561 6661
6561 6661
6562 6662
6564 6664
6565 6665
6565 6665
6567 6667
6568 6668
6568 6668
6569 6669
6570 6670
6571 6671
6571 6671
6573 6673
6573 6673
6574 6674
6576 6676
6577 6677
6577 6677
6577 6677
6579 6679
6580 6680
6582 6682
6583 6683
6583 6683
6584 6684
6584 6684
6586 6686
6587 6687
6589 6689
6589 6689
6589 6689
6590 6690
6592 6692
6593 6693
6593 6693
6594 6694
6594 6694
6596 6696
6597 6697
6598 6698
6600 6700
6602 6702
6602 6702
6603 6703
6605 6705
6606 6706
6607 6707
6607 6707
6608 6708
6610 6710
6610 6710
6612 6712
6613 6713
6614 6714
6616 6716
6617 6717
6618 6718
6620 6720
6620 6720
6622 6722
6623 6723
6624 6724
6625 6725
6626 6726
6627 6727
6629 6729
6630 6730
6632 6732
6632 6732
6632 6732
6633 6733
6635 6735
6636 6736
6636 6736
6637 6737
6637 6737
6638 6738
6638 6738
6641 6741
6642 6742
6642 6742
6643 6743
6643 6743
6644 6744
6646 6746
6648 6748
6648 6748
6649 6749
6650 6750
6651 6751
6651 6751
6653 6753
6655 6755
6655 6755
6656 6756
6657 6757
6658 6758
6660 6760
6661 6761
6661 6761
6662 6762
6663 6763
6664 6764
6664 6764
6666 6766
6666 6766
6666 6766
6667 6767
6667 6767
6668 6768
6669 6769
6670 6770
6671 6771
6671 6771
6672 6772
6673 6773
6675 6775
6675 6775
6676 6776
6677 6777
6678 6778
6680 6780
6680 6780
6682 6782
6683 6783
6684 6784
6685 6785
6686 6786
6688 6788
6688 6788
6689 6789
6690 6790
6693 6793
6693 6793
6693 6793
6694 6794
6695 6795
6696 6796
6697 6797
6697 6797
6698 6798
6699 6799
6699 6799
6701 6801
6702 6802
6702 6802
6704 6804
6704 6804
6705 6805
6707 6807
6707 6807
6708 6808
6709 6809
6710 6810
6712 6812
6713 6813
6714 6814
6715 6815
6718 6818
6719 6819
6720 6820
6721 6821
6722 6822
6722 6822
6724 6824
6725 6825
6726 6826
6727 6827
6727 6827
6729 6829
6729 6829
6730 6830
6731 6831
6732 6832
6734 6834
6735 6835
6736 6836
6737 6837
6737 6837
6740 6840
6740 6840
6742 6842
6742 6842
6743 6843
6744 6844
6745 6845
6746 6846
6748 6848
6749 6849
6751 6851
6752 6852
6752 6852
6752 6852
6754 6854
6755 6855
6756 6856
6756 6856
6758 6858
6758 6858
6759 6859
6761 6861
6761 6861
6761 6861
6761 6861
6762 6862
6763 6863
6765 6865
6765 6865
6767 6867
6768 6868
6768 6868
6770 6870
6772 6872
6772 6872
6773 6873
6773 6873
6775 6875
6776 6876
6778 6878
6779 6879
6780 6880
6781 6881
6782 6882
6783 6883
6783 6883
6784 6884
6785 6885
6787 6887
6788 6888
6789 6889
6789 6889
6791 6891
6791 6891
6792 6892
6794 6894
6795 6895
6796 6896
6797 6897
6797 6897
6798 6898
6799 6899
6799 6899
6800 6900
6802 6902
6803 6903
6804 6904
6805 6905
6808 6908
6808 6908
6808 6908
6809 6909
6811 6911
6814 6914
6815 6915
6816 6916
6816 6916
6817 6917
6818 6918
6818 6918
6820 6920
6821 6921
6822 6922
6822 6922
6823 6923
6825 6925
6826 6926
6827 6927
6828 6928
6828 6928
6830 6930
6830 6930
6831 6931
6833 6933
6834 6934
6836 6936
6836 6936
6838 6938
6838 6938
6838 6938
6840 6940
6840 6940
6841 6941
6842 6942
6842 6942
6844 6944
6846 6946
6846 6946
6847 6947
6848 6948
6850 6950
6851 6951
6852 6952
6854 6954
6855 6955
6857 6957
6858 6958
6859 6959
6859 6959
6860 6960
6861 6961
6863 6963
6863 6963
6863 6963
6865 6965
6866 6966
6866 6966
6868 6968
6870 6970
6870 6970
6872 6972
6872 6972
6872 6972
6872 6972
6874 6974
6875 6975
6875 6975
6876 6976
6876 6976
6877 6977
6879 6979
6879 6979
6880 6980
6881 6981
6883 6983
6883 6983
6884 6984
6884 6984
6885 6985
6886 6986
6886 6986
6887 6987
6889 6989
6890 6990
6891 6991
6893 6993
6894 6994
6895 6995
6895 6995
6895 6995
6896 6996
6897 6997
6899 6999
6900 7000
6901 7001
6901 7001
6902 7002
6902 7002
6902 7002
6903 7003
6904 7004
6904 7004
6904 7004
6908 7008
6908 7008
6909 7009
6910 7010
6912 7012
6912 7012
6913 7013
6915 7015
6916 7016
6917 7017
6917 7017
6918 7018
6919 7019
6919 7019
6922 7022
6925 7025
6925 7025
6926 7026
6928 7028
6930 7030
6930 7030
6931 7031
6932 7032
6933 7033
6935 7035
6935 7035
6937 7037
6938 7038
6938 7038
6939 7039
6942 7042
6942 7042
6943 7043
6943 7043
6944 7044
6946 7046
6949 7049
6949 7049
6950 7050
6951 7051
6951 7051
6953 7053
6953 7053
6955 7055
6956 7056
6958 7058
6958 7058
6958 7058
6959 7059
6960 7060
6962 7062
6964 7064
6965 7065
6966 7066
6966 7066
6968 7068
6969 7069
6971 7071
6972 7072
6973 7073
6974 7074
6975 7075
6975 7075
6976 7076
6977 7077
6977 7077
6979 7079
6979 7079
6980 7080
6981 7081
6981 7081
6982 7082
6984 7084
6984 7084
6986 7086
6988 7088
6989 7089
6991 7091
6992 7092
6992 7092
6992 7092
6994 7094
6996 7096
6997 7097
6997 7097
6998 7098
6998 7098
6999 7099
7001 7101
7003 7103
7005 7105
7005 7105
7007 7107
7007 7107
7008 7108
7008 7108
7010 7110
7011 7111
7012 7112
7013 7113
7014 7114
7015 7115
7015 7115
7017 7117
7018 7118
7018 7118
7019 7119
7019 7119
7020 7120
7021 7121
7022 7122
7024 7124
7026 7126
7027 7127
7028 7128
7029 7129
7030 7130
7030 7130
7031 7131
7031 7131
7033 7133
7034 7134
7035 7135
7036 7136
7037 7137
7037 7137
7037 7137
7039 7139
7040 7140
7041 7141
7043 7143
7044 7144
7044 7144
7046 7146
7046 7146
7047 7147
7047 7147
7049 7149
7050 7150
7050 7150
7050 7150
7051 7151
7051 7151
7053 7153
7054 7154
7055 7155
7058 7158
7059 7159
7060 7160
7060 7160
7062 7162
7063 7163
7063 7163
7065 7165
7067 7167
7067 7167
7068 7168
7070 7170
7070 7170
7072 7172
7074 7174
7075 7175
7076 7176
7077 7177
7077 7177
7079 7179
7080 7180
7080 7180
7082 7182
7084 7184
7085 7185
7087 7187
7089 7189
7091 7191
7091 7191
7092 7192
7093 7193
7093 7193
7093 7193
7095 7195
7096 7196
7097 7197
7099 7199
7100 7200
7101 7201
7104 7204
7104 7204
7105 7205
7106 7206
7106 7206
7106 7206
7108 7208
7108 7208
7109 7209
7109 7209
7111 7211
7111 7211
7112 7212
7112 7212
7115 7215
7115 7215
7116 7216
7116 7216
7117 7217
7117 7217
7119 7219
7120 7220
7121 7221
7122 7222
7123 7223
7123 7223
7124 7224
7124 7224
7125 7225
7127 7227
7127 7227
7129 7229
7130 7230
7131 7231
7131 7231
7132 7232
7132 7232
7132 7232
7132 7232
7134 7234
7134 7234
7137 7237
7137 7237
7137 7237
7138 7238
7138 7238
7141 7241
7141 7241
7143 7243
7143 7243
7144 7244
7145 7245
7146 7246
7148 7248
7148 7248
7148 7248
7149 7249
7150 7250
7152 7252
7153 7253
7155 7255
7155 7255
7158 7258
7160 7260
7160 7260
7161 7261
7162 7262
7163 7263
7163 7263
7164 7264
7165 7265
7167 7267
7168 7268
7168 7268
7169 7269
7169 7269
7169 7269
7170 7270
7171 7271
7172 7272
7173 7273
7175 7275
7176 7276
7176 7276
7178 7278
7180 7280
7180 7280
7180 7280
7181 7281
7182 7282
7182 7282
7184 7284
7184 7284
7185 7285
7187 7287
7188 7288
7190 7290
7192 7292
7193 7293
7194 7294
7195 7295
7195 7295
7196 7296
7197 7297
7197 7297
7198 7298
7200 7300
7202 7302
7203 7303
7205 7305
7205 7305
7206 7306
7207 7307
7207 7307
7207 7307
7209 7309
7210 7310
7211 7311
7213 7313
7213 7313
7216 7316
7216 7316
7218 7318
7219 7319
7221 7321
7222 7322
7224 7324
7225 7325
7227 7327
7227 7327
7228 7328
7230 7330
7230 7330
7231 7331
7232 7332
7235 7335
7235 7335
7238 7338
7239 7339
7239 7339
7240 7340
7241 7341
7241 7341
7242 7342
7244 7344
7244 7344
7244 7344
7245 7345
7246 7346
7248 7348
7249 7349
7249 7349
7249 7349
7250 7350
7250 7350
7251 7351
7253 7353
7254 7354
7254 7354
7256 7356
7256 7356
7257 7357
7259 7359
7261 7361
7263 7363
7264 7364
7264 7364
7265 7365
7265 7365
7267 7367
7269 7369
7269 7369
7269 7369
7271 7371
7271 7371
7272 7372
7274 7374
7275 7375
7277 7377
7278 7378
7279 7379
7281 7381
7281 7381
7282 7382
7283 7383
7283 7383
7284 7384
7284 7384
7284 7384
7286 7386
7287 7387
7287 7387
7288 7388
7290 7390
7292 7392
7292 7392
7294 7394
7295 7395
7296 7396
7296 7396
7297 7397
7298 7398
7300 7400
7302 7402
7303 7403
7304 7404
7305 7405
7306 7406
7308 7408
7309 7409
7310 7410
7312 7412
7312 7412
7313 7413
7313 7413
7314 7414
7314 7414
7316 7416
7318 7418
7320 7420
7321 7421
7321 7421
7322 7422
7322 7422
7322 7422
7324 7424
7324 7424
7325 7425
7326 7426
7327 7427
7327 7427
7328 7428
7330 7430
7332 7432
7332 7432
7333 7433
7335 7435
7336 7436
7338 7438
7338 7438
7339 7439
7340 7440
7341 7441
7341 7441
7342 7442
7342 7442
7343 7443
7344 7444
7345 7445
7346 7446
7347 7447
7349 7449
7350 7450
7351 7451
7353 7453
7354 7454
7354 7454
7354 7454
7355 7455
7358 7458
7358 7458
7358 7458
7359 7459
7360 7460
7360 7460
7361 7461
7363 7463
7364 7464
7365 7465
7365 7465
7366 7466
7366 7466
7367 7467
7367 7467
7369 7469
7369 7469
7372 7472
7372 7472
7372 7472
7373 7473
7374 7474
7375 7475
7376 7476
7376 7476
7379 7479
7379 7479
7379 7479
7380 7480
7381 7481
7381 7481
7383 7483
7385 7485
7386 7486
7388 7488
7389 7489
7390 7490
7393 7493
7393 7493
7394 7494
7397 7497
7397 7497
7398 7498
7398 7498
7399 7499
7400 7500
7401 7501
7401 7501
7402 7502
7404 7504
7405 7505
7405 7505
7405 7505
7406 7506
7408 7508
7409 7509
7409 7509
7412 7512
7413 7513
7415 7515
7415 7515
7417 7517
7419 7519
7421 7521
7422 7522
7423 7523
7423 7523
7425 7525
7426 7526
7426 7526
7427 7527
7428 7528
7428 7528
7429 7529
7431 7531
7433 7533
7434 7534
7435 7535
7437 7537
7437 7537
7437 7537
7438 7538
7439 7539
7439 7539
7440 7540
7442 7542
7443 7543
7444 7544
7446 7546
7448 7548
7449 7549
7450 7550
7450 7550
7452 7552
7453 7553
7453 7553
7455 7555
7456 7556
7458 7558
7459 7559
7460 7560
7462 7562
7462 7562
7463 7563
7464 7564
7465 7565
7466 7566
7467 7567
7467 7567
7467 7567
7468 7568
7469 7569
7469 7569
7470 7570
7472 7572
7473 7573
7473 7573
7475 7575
7477 7577
7477 7577
7479 7579
7479 7579
7481 7581
7481 7581
7482 7582
7482 7582
7484 7584
7485 7585
7485 7585
7487 7587
7489 7589
7489 7589
7490 7590
7491 7591
7491 7591
7492 7592
7492 7592
7492 7592
7493 7593
7493 7593
7493 7593
7493 7593
7495 7595
7495 7595
7495 7595
7497 7597
7498 7598
7500 7600
7501 7601
7502 7602
7503 7603
7503 7603
7504 7604
7505 7605
7505 7605
7507 7607
7507 7607
7509 7609
7509 7609
7511 7611
7512 7612
7512 7612
7513 7613
7515 7615
7517 7617
7517 7617
7517 7617
7518 7618
7520 7620
7522 7622
7523 7623
7524 7624
7525 7625
7526 7626
7527 7627
7528 7628
7532 7632
7532 7632
7533 7633
7533 7633
7535 7635
7536 7636
7536 7636
7536 7636
7538 7638
7539 7639
7540 7640
7542 7642
7544 7644
7545 7645
7547 7647
7548 7648
7549 7649
7551 7651
7551 7651
7553 7653
7554 7654
7554 7654
7556 7656
7557 7657
7557 7657
7558 7658
7558 7658
7561 7661
7563 7663
7564 7664
7565 7665
7565 7665
7566 7666
7568 7668
7569 7669
7569 7669
7571 7671
7573 7673
7574 7674
7574 7674
7575 7675
7575 7675
7576 7676
7577 7677
7578 7678
7579 7679
7581 7681
7581 7681
7581 7681
7582 7682
7582 7682
7584 7684
7584 7684
7584 7684
7585 7685
7587 7687
7589 7689
7591 7691
7591 7691
7592 7692
7594 7694
7595 7695
7597 7697
7598 7698
7598 7698
7599 7699
7601 7701
7602 7702
7604 7704
7604 7704
7604 7704
7604 7704
7605 7705
7606 7706
7607 7707
7607 7707
7609 7709
7611 7711
7611 7711
7611 7711
7611 7711
7612 7712
7613 7713
7615 7715
7615 7715
7618 7718
7618 7718
7619 7719
7619 7719
7619 7719
7621 7721
7623 7723
7623 7723
7624 7724
7626 7726
7627 7727
7627 7727
7628 7728
7628 7728
7630 7730
7631 7731
7633 7733
7633 7733
7636 7736
7638 7738
7638 7738
7638 7738
7639 7739
7641 7741
7642 7742
7643 7743
7643 7743
7643 7743
7643 7743
7645 7745
7645 7745
7646 7746
7648 7748
7649 7749
7649 7749
7649 7749
7651 7751
7651 7751
7653 7753
7655 7755
7655 7755
7657 7757
7658 7758
7658 7758
7659 7759
7660 7760
7663 7763
7664 7764
7665 7765
7667 7767
7668 7768
7668 7768
7670 7770
7671 7771
7671 7771
7672 7772
7673 7773
7673 7773
7675 7775
7676 7776
7677 7777
7679 7779
7680 7780
7681 7781
7682 7782
7684 7784
7685 7785
7685 7785
7685 7785
7686 7786
7686 7786
7686 7786
7688 7788
7689 7789
7690 7790
7691 7791
7692 7792
7694 7794
7695 7795
7696 7796
7698 7798
7698 7798
7700 7800
7701 7801
7703 7803
7704 7804
7705 7805
7706 7806
7708 7808
7709 7809
7709 7809
7712 7812
7713 7813
7713 7813
7714 7814
7714 7814
7715 7815
7717 7817
7717 7817
7717 7817
7718 7818
7720 7820
7721 7821
7721 7821
7723 7823
7725 7825
7725 7825
7726 7826
7728 7828
7728 7828
7729 7829
7731 7831
7735 7835
7736 7836
7736 7836
7737 7837
7738 7838
7739 7839
7740 7840
7740 7840
7741 7841
7742 7842
7743 7843
7743 7843
7744 7844
7745 7845
7745 7845
7746 7846
7748 7848
7749 7849
7750 7850
7750 7850
7751 7851
7751 7851
7751 7851
7752 7852
7752 7852
7753 7853
7754 7854
7755 7855
7755 7855
7755 7855
7757 7857
7758 7858
7758 7858
7759 7859
7760 7860
7763 7863
7763 7863
7763 7863
7764 7864
7765 7865
7766 7866
7767 7867
7767 7867
7768 7868
7769 7869
7769 7869
7771 7871
7772 7872
7773 7873
7773 7873
7774 7874
7775 7875
7775 7875
7776 7876
7776 7876
7776 7876
7777 7877
7778 7878
7779 7879
7780 7880
7782 7882
7783 7883
7784 7884
7785 7885
7786 7886
7787 7887
7789 7889
7791 7891
7793 7893
7793 7893
7794 7894
7795 7895
7796 7896
7797 7897
7799 7899
7802 7902
7804 7904
7805 7905
7805 7905
7806 7906
7808 7908
7809 7909
7810 7910
7811 7911
7813 7913
7814 7914
7814 7914
7817 7917
7818 7918
7820 7920
7822 7922
7823 7923
7825 7925
7826 7926
7826 7926
7827 7927
7828 7928
7830 7930
7832 7932
7832 7932
7835 7935
7836 7936
7837 7937
7838 7938
7838 7938
7839 7939
7841 7941
7843 7943
7844 7944
7846 7946
7846 7946
7846 7946
7847 7947
7847 7947
7849 7949
7851 7951
7851 7951
7852 7952
7854 7954
7854 7954
7855 7955
7855 7955
7856 7956
7858 7958
7858 7958
7859 7959
7861 7961
7863 7963
7864 7964
7864 7964
7864 7964
7865 7965
7865 7965
7865 7965
7865 7965
7866 7966
7867 7967
7868 7968
7868 7968
7870 7970
7870 7970
7871 7971
7872 7972
7872 7972
7874 7974
7876 7976
7876 7976
7876 7976
7877 7977
7877 7977
7879 7979
7879 7979
7880 7980
7881 7981
7881 7981
7881 7981
7883 7983
7883 7983
7885 7985
7886 7986
7888 7988
7888 7988
7888 7988
7889 7989
7890 7990
7891 7991
7893 7993
7893 7993
7894 7994
7894 7994
7894 7994
7896 7996
7897 7997
7897 7997
7897 7997
7898 7998
7899 7999
7900 8000
7901 8001
7901 8001
7903 8003
7905 8005
7906 8006
7906 8006
7906 8006
7906 8006
7909 8009
7911 8011
7913 8013
7915 8015
7916 8016
7917 8017
7918 8018
7920 8020
7920 8020
7921 8021
7922 8022
7923 8023
7924 8024
7926 8026
7926 8026
7927 8027
7928 8028
7929 8029
7931 8031
7932 8032
7933 8033
7933 8033
7935 8035
7936 8036
7937 8037
7937 8037
7938 8038
7939 8039
7941 8041
7941 8041
7942 8042
7944 8044
7947 8047
7950 8050
7951 8051
7952 8052
7953 8053
7955 8055
7955 8055
7957 8057
7959 8059
7959 8059
7960 8060
7961 8061
7961 8061
7961 8061
7962 8062
7965 8065
7966 8066
7966 8066
7967 8067
7968 8068
7968 8068
7969 8069
7970 8070
7971 8071
7972 8072
7973 8073
7974 8074
7975 8075
7976 8076
7977 8077
7979 8079
7982 8082
7983 8083
7984 8084
7986 8086
7986 8086
7987 8087
7988 8088
7989 8089
7990 8090
7991 8091
7992 8092
7993 8093
7994 8094
7995 8095
7996 8096
7997 8097
7997 8097
7998 8098
7998 8098
7998 8098
7998 8098
7999 8099
8000 8100
8001 8101
8002 8102
8003 8103
8005 8105
8006 8106
8007 8107
8008 8108
8008 8108
8008 8108
8010 8110
8012 8112
8014 8114
8015 8115
8016 8116
8016 8116
8018 8118
8018 8118
8019 8119
8020 8120
8021 8121
8021 8121
8022 8122
8024 8124
8025 8125
8026 8126
8027 8127
8028 8128
8029 8129
8030 8130
8030 8130
8031 8131
8031 8131
8031 8131
8034 8134
8035 8135
8036 8136
8037 8137
8037 8137
8037 8137
8038 8138
8039 8139
8040 8140
8042 8142
8043 8143
8043 8143
8045 8145
8049 8149
8049 8149
8049 8149
8050 8150
8051 8151
8051 8151
8053 8153
8054 8154
8054 8154
8055 8155
8056 8156
8057 8157
8059 8159
8060 8160
8061 8161
8062 8162
8063 8163
8064 8164
8065 8165
8066 8166
8068 8168
8069 8169
8069 8169
8070 8170
8072 8172
8073 8173
8074 8174
8075 8175
8075 8175
8075 8175
8075 8175
8077 8177
8078 8178
8078 8178
8079 8179
8080 8180
8081 8181
8082 8182
8084 8184
8086 8186
8087 8187
8090 8190
8091 8191
8092 8192
8092 8192
8093 8193
8094 8194
8095 8195
8096 8196
8096 8196
8097 8197
8098 8198
8098 8198
8100 8200
8101 8201
8102 8202
8102 8202
8102 8202
8103 8203
8104 8204
8106 8206
8106 8206
8107 8207
8108 8208
8109 8209
8109 8209
8109 8209
8111 8211
8112 8212
8113 8213
8113 8213
8114 8214
8116 8216
8118 8218
8118 8218
8120 8220
8122 8222
8122 8222
8123 8223
8124 8224
8124 8224
8124 8224
8126 8226
8128 8228
8129 8229
8130 8230
8130 8230
8130 8230
8132 8232
8132 8232
8132 8232
8134 8234
8135 8235
8135 8235
8137 8237
8137 8237
8139 8239
8140 8240
8140 8240
8140 8240
8142 8242
8143 8243
8145 8245
8145 8245
8147 8247
8149 8249
8150 8250
8152 8252
8152 8252
8154 8254
8156 8256
8156 8256
8157 8257
8158 8258
8158 8258
8160 8260
8162 8262
8163 8263
8164 8264
8165 8265
8166 8266
8166 8266
8169 8269
8169 8269
8169 8269
8169 8269
8170 8270
8172 8272
8174 8274
8175 8275
8177 8277
8177 8277
8179 8279
8180 8280
8181 8281
8182 8282
8184 8284
8185 8285
8186 8286
8188 8288
8188 8288
8189 8289
8189 8289
8191 8291
8192 8292
8192 8292
8194 8294
8195 8295
8196 8296
8197 8297
8199 8299
8199 8299
8200 8300
8200 8300
8201 8301
8201 8301
8202 8302
8204 8304
8206 8306
8207 8307
8208 8308
8209 8309
8211 8311
8212 8312
8213 8313
8213 8313
8214 8314
8216 8316
8218 8318
8218 8318
8220 8320
8220 8320
8221 8321
8223 8323
8223 8323
8224 8324
8225 8325
8225 8325
8226 8326
8227 8327
8227 8327
8228 8328
8230 8330
8232 8332
8232 8332
8233 8333
8234 8334
8235 8335
8236 8336
8237 8337
8238 8338
8240 8340
8241 8341
8243 8343
8244 8344
8245 8345
8246 8346
8246 8346
8247 8347
8248 8348
8248 8348
8250 8350
8251 8351
8251 8351
8253 8353
8254 8354
8254 8354
8254 8354
8255 8355
8256 8356
8257 8357
8257 8357
8258 8358
8259 8359
8260 8360
8261 8361
8261 8361
8263 8363
8264 8364
8264 8364
8265 8365
8265 8365
8266 8366
8266 8366
8267 8367
8268 8368
8270 8370
8271 8371
8273 8373
8275 8375
8276 8376
8277 8377
8279 8379
8279 8379
8279 8379
8280 8380
8282 8382
8283 8383
8283 8383
8286 8386
8286 8386
8287 8387
8288 8388
8289 8389
8289 8389
8291 8391
8292 8392
8293 8393
8295 8395
8297 8397
8300 8400
8301 8401
8302 8402
8302 8402
8302 8402
8302 8402
8304 8404
8306 8406
8308 8408
8309 8409
8309 8409
8311 8411
8312 8412
8314 8414
8314 8414
8316 8416
8318 8418
8318 8418
8320 8420
8321 8421
8323 8423
8324 8424
8326 8426
8326 8426
8327 8427
8328 8428
8328 8428
8329 8429
8329 8429
8330 8430
8331 8431
8331 8431
8333 8433
8334 8434
8334 8434
8336 8436
8337 8437
8339 8439
8339 8439
8339 8439
8340 8440
8341 8441
8342 8442
8343 8443
8343 8443
8344 8444
8344 8444
8345 8445
8346 8446
8347 8447
8347 8447
8348 8448
8348 8448
8348 8448
8351 8451
8353 8453
8354 8454
8354 8454
8354 8454
8355 8455
8355 8455
8357 8457
8359 8459
8360 8460
8361 8461
8363 8463
8363 8463
8365 8465
8366 8466
8366 8466
8367 8467
8368 8468
8369 8469
8371 8471
8372 8472
8374 8474
8374 8474
8375 8475
8376 8476
8377 8477
8377 8477
8379 8479
8379 8479
8381 8481
8382 8482
8384 8484
8385 8485
8387 8487
8388 8488
8388 8488
8391 8491
8391 8491
8393 8493
8394 8494
8395 8495
8397 8497
8397 8497
8397 8497
8398 8498
8399 8499
8400 8500
8401 8501
8402 8502
8403 8503
8403 8503
8405 8505
8406 8506
8408 8508
8409 8509
8409 8509
8409 8509
8410 8510
8410 8510
8412 8512
8412 8512
8413 8513
8413 8513
8414 8514
8414 8514
8415 8515
8417 8517
8417 8517
8419 8519
8420 8520
8420 8520
8421 8521
8422 8522
8422 8522
8422 8522
8425 8525
8425 8525
8427 8527
8427 8527
8429 8529
8429 8529
8430 8530
8431 8531
8431 8531
8431 8531
8433 8533
8433 8533
8434 8534
8434 8534
8435 8535
8435 8535
8437 8537
8439 8539
8439 8539
8441 8541
8442 8542
8443 8543
8445 8545
8446 8546
8447 8547
8448 8548
8448 8548
8450 8550
8451 8551
8452 8552
8454 8554
8455 8555
8456 8556
8459 8559
8460 8560
8460 8560
8461 8561
8463 8563
8464 8564
8466 8566
8466 8566
8467 8567
8468 8568
8468 8568
8469 8569
8469 8569
8470 8570
8472 8572
8473 8573
8473 8573
8475 8575
8477 8577
8477 8577
8479 8579
8480 8580
8480 8580
8482 8582
8483 8583
8486 8586
8486 8586
8486 8586
8488 8588
8490 8590
8490 8590
8492 8592
8492 8592
8493 8593
8493 8593
8495 8595
8496 8596
8498 8598
8499 8599
8501 8601
8503 8603
8503 8603
8505 8605
8505 8605
8506 8606
8506 8606
8506 8606
8507 8607
8508 8608
8509 8609
8510 8610
8510 8610
8513 8613
8514 8614
8514 8614
8515 8615
8515 8615
8518 8618
8518 8618
8519 8619
8521 8621
8522 8622
8523 8623
8524 8624
8525 8625
8526 8626
8528 8628
8528 8628
8529 8629
8529 8629
8532 8632
8532 8632
8534 8634
8534 8634
8534 8634
8535 8635
8535 8635
8537 8637
8538 8638
8538 8638
8539 8639
8542 8642
8543 8643
8544 8644
8545 8645
8547 8647
8548 8648
8549 8649
8549 8649
8550 8650
8550 8650
8551 8651
8552 8652
8552 8652
8553 8653
8553 8653
8554 8654
8555 8655
8557 8657
8558 8658
8558 8658
8558 8658
8560 8660
8560 8660
8561 8661
8561 8661
8563 8663
8564 8664
8566 8666
8566 8666
8569 8669
8570 8670
8571 8671
8572 8672
8572 8672
8573 8673
8574 8674
8575 8675
8576 8676
8577 8677
8578 8678
8578 8678
8578 8678
8580 8680
8581 8681
8584 8684
8586 8686
8587 8687
8587 8687
8587 8687
8587 8687
8588 8688
8589 8689
8589 8689
8591 8691
8591 8691
8592 8692
8592 8692
8593 8693
8594 8694
8595 8695
8595 8695
8596 8696
8596 8696
8596 8696
8598 8698
8601 8701
8602 8702
8604 8704
8607 8707
8607 8707
8607 8707
8610 8710
8611 8711
8612 8712
8613 8713
8614 8714
8615 8715
8615 8715
8616 8716
8617 8717
8618 8718
8619 8719
8619 8719
8620 8720
8622 8722
8624 8724
8625 8725
8626 8726
8626 8726
8627 8727
8627 8727
8628 8728
8628 8728
8629 8729
8629 8729
8632 8732
8633 8733
8634 8734
8635 8735
8636 8736
8640 8740
8640 8740
8643 8743
8643 8743
8644 8744
8644 8744
8645 8745
8646 8746
8648 8748
8649 8749
8650 8750
8651 8751
8654 8754
8654 8754
8655 8755
8655 8755
8656 8756
8656 8756
8657 8757
8658 8758
8658 8758
8660 8760
8661 8761
8662 8762
8663 8763
8664 8764
8665 8765
8666 8766
8667 8767
8670 8770
8671 8771
8672 8772
8673 8773
8673 8773
8674 8774
8674 8774
8675 8775
8676 8776
8679 8779
8681 8781
8682 8782
8682 8782
8683 8783
8685 8785
8685 8785
8686 8786
8686 8786
8686 8786
8687 8787
8687 8787
8688 8788
8689 8789
8690 8790
8690 8790
8691 8791
8693 8793
8694 8794
8696 8796
8696 8796
8698 8798
8699 8799
8701 8801
8702 8802
8703 8803
8704 8804
8705 8805
8708 8808
8709 8809
8710 8810
8710 8810
8711 8811
8711 8811
8712 8812
8714 8814
8715 8815
8716 8816
8716 8816
8718 8818
8719 8819
8719 8819
8719 8819
8721 8821
8721 8821
8722 8822
8723 8823
8724 8824
8727 8827
8728 8828
8728 8828
8729 8829
8730 8830
8730 8830
8732 8832
8733 8833
8735 8835
8736 8836
8737 8837
8739 8839
8740 8840
8741 8841
8743 8843
8743 8843
8745 8845
8745 8845
8746 8846
8749 8849
8749 8849
8750 8850
8750 8850
8750 8850
8751 8851
8752 8852
8753 8853
8753 8853
8754 8854
8756 8856
8757 8857
8757 8857
8759 8859
8760 8860
8760 8860
8762 8862
8763 8863
8764 8864
8765 8865
8766 8866
8768 8868
8768 8868
8768 8868
8769 8869
8771 8871
8772 8872
8774 8874
8775 8875
8777 8877
8777 8877
8777 8877
8778 8878
8779 8879
8779 8879
8780 8880
8780 8880
8782 8882
8783 8883
8784 8884
8784 8884
8785 8885
8786 8886
8787 8887
8788 8888
8788 8888
8790 8890
8791 8891
8792 8892
8792 8892
8794 8894
8796 8896
8796 8896
8796 8896
8797 8897
8799 8899
8802 8902
8802 8902
8803 8903
8805 8905
8805 8905
8806 8906
8807 8907
8808 8908
8808 8908
8809 8909
8811 8911
8811 8911
8812 8912
8814 8914
8814 8914
8814 8914
8816 8916
8817 8917
8819 8919
8820 8920
8821 8921
8821 8921
8823 8923
8823 8923
8825 8925
8826 8926
8827 8927
8829 8929
8829 8929
8831 8931
8832 8932
8832 8932
8834 8934
8834 8934
8836 8936
8837 8937
8839 8939
8840 8940
8842 8942
8842 8942
8844 8944
8845 8945
8846 8946
8846 8946
8847 8947
8847 8947
8848 8948
8850 8950
8850 8950
8851 8951
8852 8952
8854 8954
8854 8954
8854 8954
8856 8956
8857 8957
8858 8958
8861 8961
8861 8961
8863 8963
8864 8964
8866 8966
8867 8967
8867 8967
8868 8968
8869 8969
8869 8969
8870 8970
8870 8970
8871 8971
8872 8972
8875 8975
8875 8975
8876 8976
8876 8976
8878 8978
8879 8979
8879 8979
8880 8980
8881 8981
8883 8983
8883 8983
8885 8985
8886 8986
8887 8987
8887 8987
8888 8988
8890 8990
8891 8991
8892 8992
8893 8993
8893 8993
8893 8993
8893 8993
8894 8994
8895 8995
8897 8997
8898 8998
8899 8999
8900 9000
8902 9002
8903 9003
8904 9004
8905 9005
8905 9005
8906 9006
8907 9007
8908 9008
8909 9009
8909 9009
8910 9010
8911 9011
8913 9013
8913 9013
8913 9013
8913 9013
8915 9015
8917 9017
8918 9018
8919 9019
8920 9020
8921 9021
8921 9021
8921 9021
8921 9021
8922 9022
8922 9022
8924 9024
8925 9025
8926 9026
8926 9026
8928 9028
8929 9029
8931 9031
8931 9031
8932 9032
8933 9033
8935 9035
8935 9035
8936 9036
8937 9037
8938 9038
8939 9039
8939 9039
8940 9040
8943 9043
8945 9045
8945 9045
8947 9047
8948 9048
8948 9048
8949 9049
8949 9049
8951 9051
8951 9051
8952 9052
8954 9054
8956 9056
8957 9057
8958 9058
8958 9058
8958 9058
8960 9060
8963 9063
8963 9063
8965 9065
8965 9065
8967 9067
8969 9069
8970 9070
8972 9072
8975 9075
8976 9076
8976 9076
8977 9077
8979 9079
8980 9080
8980 9080
8982 9082
8982 9082
8983 9083
8985 9085
8987 9087
8988 9088
8988 9088
8989 9089
8991 9091
8992 9092
8993 9093
8994 9094
8995 9095
8995 9095
8996 9096
8997 9097
8998 9098
8999 9099
9000 9100
9002 9102
9004 9104
9004 9104
9005 9105
9006 9106
9007 9107
9007 9107
9009 9109
9010 9110
9012 9112
9013 9113
9014 9114
9014 9114
9016 9116
9016 9116
9017 9117
9018 9118
9018 9118
9019 9119
9020 9120
9020 9120
9021 9121
9021 9121
9022 9122
9023 9123
9023 9123
9024 9124
9025 9125
9026 9126
9027 9127
9028 9128
9028 9128
9029 9129
9031 9131
9032 9132
9033 9133
9034 9134
9035 9135
9035 9135
9036 9136
9037 9137
9037 9137
9038 9138
9039 9139
9039 9139
9041 9141
9041 9141
9043 9143
9045 9145
9045 9145
9046 9146
9047 9147
9047 9147
9048 9148
9048 9148
9049 9149
9050 9150
9052 9152
9053 9153
9054 9154
9056 9156
9056 9156
9056 9156
9057 9157
9059 9159
9060 9160
9060 9160
9061 9161
9061 9161
9063 9163
9065 9165
9066 9166
9067 9167
9068 9168
9068 9168
9069 9169
9071 9171
9072 9172
9073 9173
9076 9176
9077 9177
9078 9178
9080 9180
9081 9181
9083 9183
9083 9183
9084 9184
9085 9185
9086 9186
9088 9188
9088 9188
9090 9190
9092 9192
9093 9193
9094 9194
9095 9195
9096 9196
9097 9197
9099 9199
9099 9199
9102 9202
9102 9202
9103 9203
9103 9203
9104 9204
9105 9205
9106 9206
9108 9208
9108 9208
9110 9210
9112 9212
9112 9212
9112 9212
9114 9214
9115 9215
9116 9216
9117 9217
9117 9217
9118 9218
9118 9218
9119 9219
9121 9221
9123 9223
9124 9224
9126 9226
9127 9227
9127 9227
9128 9228
9128 9228
9129 9229
9130 9230
9131 9231
9131 9231
9132 9232
9134 9234
9134 9234
9134 9234
9135 9235
9137 9237
9137 9237
9138 9238
9140 9240
9140 9240
9141 9241
9141 9241
9143 9243
9143 9243
9144 9244
9145 9245
9145 9245
9146 9246
9147 9247
9148 9248
9148 9248
9148 9248
9151 9251
9152 9252
9153 9253
9154 9254
9155 9255
9155 9255
9157 9257
9158 9258
9158 9258
9158 9258
9158 9258
9161 9261
9162 9262
9163 9263
9166 9266
9167 9267
9168 9268
9170 9270
9170 9270
9170 9270
9171 9271
9172 9272
9172 9272
9173 9273
9175 9275
9177 9277
9178 9278
9178 9278
9178 9278
9180 9280
9181 9281
9181 9281
9184 9284
9185 9285
9185 9285
9186 9286
9187 9287
9187 9287
9189 9289
9189 9289
9192 9292
9193 9293
9193 9293
9194 9294
9197 9297
9199 9299
9200 9300
9200 9300
9201 9301
9203 9303
9204 9304
9204 9304
9205 9305
9207 9307
9207 9307
9208 9308
9209 9309
9210 9310
9211 9311
9214 9314
9215 9315
9215 9315
9215 9315
9215 9315
9217 9317
9218 9318
9219 9319
9220 9320
9221 9321
9221 9321
9222 9322
9222 9322
9223 9323
9224 9324
9226 9326
9228 9328
9229 9329
9230 9330
9231 9331
9233 9333
9233 9333
9234 9334
9234 9334
9235 9335
9236 9336
9237 9337
9238 9338
9239 9339
9241 9341
9241 9341
9241 9341
9243 9343
9244 9344
9246 9346
9247 9347
9247 9347
9248 9348
9250 9350
9252 9352
9253 9353
9253 9353
9254 9354
9256 9356
9258 9358
9258 9358
9259 9359
9261 9361
9262 9362
9262 9362
9264 9364
9264 9364
9266 9366
9266 9366
9267 9367
9268 9368
9269 9369
9270 9370
9270 9370
9272 9372
9274 9374
9276 9376
9276 9376
9278 9378
9278 9378
9279 9379
9279 9379
9280 9380
9282 9382
9283 9383
9284 9384
9284 9384
9285 9385
9287 9387
9289 9389
9290 9390
9294 9394
9295 9395
9295 9395
9295 9395
9296 9396
9297 9397
9299 9399
9300 9400
9300 9400
9300 9400
9300 9400
9301 9401
9301 9401
9302 9402
9302 9402
9303 9403
9305 9405
9305 9405
9305 9405
9306 9406
9307 9407
9309 9409
9310 9410
9311 9411
9311 9411
9312 9412
9312 9412
9314 9414
9315 9415
9316 9416
9319 9419
9319 9419
9319 9419
9320 9420
9321 9421
9323 9423
9323 9423
9325 9425
9325 9425
9325 9425
9327 9427
9327 9427
9329 9429
9329 9429
9330 9430
9331 9431
9332 9432
9332 9432
9334 9434
9334 9434
9335 9435
9335 9435
9336 9436
9337 9437
9337 9437
9338 9438
9338 9438
9339 9439
9341 9441
9341 9441
9342 9442
9344 9444
9345 9445
9346 9446
9347 9447
9351 9451
9351 9451
9353 9453
9353 9453
9354 9454
9357 9457
9357 9457
9358 9458
9358 9458
9360 9460
9361 9461
9363 9463
9364 9464
9365 9465
9366 9466
9366 9466
9367 9467
9368 9468
9369 9469
9371 9471
9371 9471
9372 9472
9373 9473
9374 9474
9375 9475
9375 9475
9377 9477
9379 9479
9380 9480
9381 9481
9383 9483
9383 9483
9385 9485
9386 9486
9388 9488
9390 9490
9390 9490
9391 9491
9392 9492
9394 9494
9395 9495
9395 9495
9396 9496
9396 9496
9399 9499
9399 9499
9399 9499
9400 9500
9400 9500
9402 9502
9403 9503
9405 9505
9407 9507
9407 9507
9407 9507
9408 9508
9410 9510
9411 9511
9411 9511
9412 9512
9414 9514
9415 9515
9416 9516
9419 9519
9419 9519
9421 9521
9421 9521
9422 9522
9424 9524
9426 9526
9428 9528
9429 9529
9430 9530
9431 9531
9432 9532
9435 9535
9436 9536
9437 9537
9437 9537
9438 9538
9439 9539
9440 9540
9440 9540
9441 9541
9441 9541
9442 9542
9442 9542
9444 9544
9445 9545
9446 9546
9447 9547
9447 9547
9448 9548
9450 9550
9451 9551
9453 9553
9454 9554
9455 9555
9455 9555
9456 9556
9456 9556
9456 9556
9458 9558
9459 9559
9460 9560
9462 9562
9463 9563
9464 9564
9464 9564
9465 9565
9465 9565
9466 9566
9467 9567
9468 9568
9468 9568
9469 9569
9470 9570
9472 9572
9472 9572
9473 9573
9474 9574
9474 9574
9475 9575
9476 9576
9476 9576
9477 9577
9478 9578
9478 9578
9479 9579
9481 9581
9481 9581
9482 9582
9483 9583
9484 9584
9487 9587
9489 9589
9490 9590
9490 9590
9491 9591
9492 9592
9492 9592
9494 9594
9495 9595
9496 9596
9497 9597
9498 9598
9500 9600
9500 9600
9502 9602
9504 9604
9504 9604
9505 9605
9505 9605
9506 9606
9507 9607
9508 9608
9508 9608
9509 9609
9510 9610
9512 9612
9512 9612
9514 9614
9515 9615
9516 9616
9516 9616
9517 9617
9519 9619
9520 9620
9520 9620
9520 9620
9520 9620
9521 9621
9521 9621
9522 9622
9522 9622
9524 9624
9525 9625
9525 9625
9526 9626
9526 9626
9527 9627
9528 9628
9528 9628
9529 9629
9529 9629
9531 9631
9531 9631
9533 9633
9534 9634
9537 9637
9538 9638
9538 9638
9539 9639
9540 9640
9542 9642
9542 9642
9543 9643
9544 9644
9545 9645
9545 9645
9546 9646
9548 9648
9549 9649
9549 9649
9549 9649
9551 9651
9552 9652
9557 9657
9557 9657
9557 9657
9559 9659
9560 9660
9561 9661
9562 9662
9562 9662
9564 9664
9564 9664
9566 9666
9568 9668
9569 9669
9571 9671
9571 9671
9573 9673
9574 9674
9576 9676
9577 9677
9578 9678
9580 9680
9581 9681
9581 9681
9582 9682
9583 9683
9585 9685
9587 9687
9588 9688
9589 9689
9590 9690
9591 9691
9592 9692
9593 9693
9595 9695
9595 9695
9596 9696
9596 9696
9597 9697
9597 9697
9599 9699
9601 9701
9602 9702
9603 9703
9604 9704
9604 9704
9604 9704
9604 9704
9605 9705
9606 9706
9606 9706
9607 9707
9609 9709
9610 9710
9611 9711
9613 9713
9613 9713
9614 9714
9614 9714
9616 9716
9618 9718
9620 9720
9620 9720
9621 9721
9622 9722
9622 9722
9624 9724
9626 9726
9626 9726
9626 9726
9628 9728
9628 9728
9630 9730
9631 9731
9632 9732
9633 9733
9634 9734
9636 9736
9636 9736
9637 9737
9638 9738
9640 9740
9641 9741
9641 9741
9643 9743
9645 9745
9646 9746
9646 9746
9646 9746
9649 9749
9650 9750
9650 9750
9651 9751
9653 9753
9654 9754
9656 9756
9657 9757
9659 9759
9661 9761
9662 9762
9662 9762
9663 9763
9664 9764
9667 9767
9668 9768
9669 9769
9670 9770
9671 9771
9671 9771
9673 9773
9674 9774
9675 9775
9676 9776
9676 9776
9678 9778
9679 9779
9679 9779
9680 9780
9680 9780
9681 9781
9682 9782
9682 9782
9685 9785
9685 9785
9686 9786
9688 9788
9688 9788
9688 9788
9690 9790
9691 9791
9692 9792
9692 9792
9694 9794
9695 9795
9695 9795
9696 9796
9698 9798
9699 9799
9701 9801
9702 9802
9702 9802
9703 9803
9703 9803
9704 9804
9705 9805
9706 9806
9707 9807
9709 9809
9709 9809
9710 9810
9710 9810
9712 9812
9712 9812
9713 9813
9714 9814
9714 9814
9714 9814
9715 9815
9715 9815
9716 9816
9718 9818
9718 9818
9719 9819
9721 9821
9721 9821
9723 9823
9723 9823
9723 9823
9726 9826
9728 9828
9729 9829
9729 9829
9731 9831
9733 9833
9734 9834
9734 9834
9734 9834
9735 9835
9737 9837
9737 9837
9739 9839
9740 9840
9740 9840
9742 9842
9743 9843
9746 9846
9747 9847
9747 9847
9748 9848
9750 9850
9750 9850
9753 9853
9753 9853
9754 9854
9754 9854
9755 9855
9756 9856
9756 9856
9758 9858
9760 9860
9760 9860
9763 9863
9765 9865
9766 9866
9766 9866
9767 9867
9770 9870
9770 9870
9770 9870
9771 9871
9772 9872
9773 9873
9774 9874
9774 9874
9775 9875
9777 9877
9777 9877
9778 9878
9779 9879
9779 9879
9781 9881
9781 9881
9782 9882
9783 9883
9783 9883
9784 9884
9787 9887
9787 9887
9788 9888
9790 9890
9790 9890
9790 9890
9791 9891
9791 9891
9793 9893
9794 9894
9796 9896
9797 9897
9797 9897
9800 9900
9800 9900
9801 9901
9801 9901
9802 9902
9803 9903
9803 9903
9804 9904
9806 9906
9807 9907
9808 9908
9808 9908
9810 9910
9811 9911
9811 9911
9811 9911
9814 9914
9814 9914
9817 9917
9819 9919
9820 9920
9820 9920
9820 9920
9822 9922
9825 9925
9826 9926
9827 9927
9829 9929
9830 9930
9830 9930
9830 9930
9832 9932
9832 9932
9833 9933
9835 9935
9835 9935
9836 9936
9838 9938
9838 9938
9838 9938
9840 9940
9841 9941
9842 9942
9844 9944
9846 9946
9846 9946
9846 9946
9846 9946
9847 9947
9847 9947
9848 9948
9849 9949
9850 9950
9850 9950
9851 9951
9853 9953
9854 9954
9855 9955
9855 9955
9855 9955
9856 9956
9857 9957
9859 9959
9860 9960
9860 9960
9861 9961
9861 9961
9862 9962
9862 9962
9862 9962
9863 9963
9863 9963
9864 9964
9865 9965
9865 9965
9866 9966
9866 9966
9867 9967
9870 9970
9872 9972
9873 9973
9874 9974
9875 9975
9876 9976
9877 9977
9879 9979
9882 9982
9883 9983
9883 9983
9885 9985
9886 9986
9888 9988
9889 9989
9890 9990
9891 9991
9891 9991
9891 9991
9892 9992
9892 9992
9895 9995
9897 9997
9897 9997
9899 9999
9900 10000
9902 2
9903 3
9904 4
9907 7
9908 8
9909 9
9911 11
9911 11
9911 11
9912 12
9913 13
9917 17
9918 18
9919 19
9920 20
9921 21
9923 23
9924 24
9925 25
9926 26
9926 26
9927 27
9928 28
9929 29
9931 31
9931 31
9932 32
9933 33
9933 33
9933 33
9934 34
9934 34
9934 34
9935 35
9935 35
9937 37
9937 37
9938 38
9939 39
9942 42
9944 44
9944 44
9946 46
9947 47
9948 48
9948 48
9951 51
9951 51
9952 52
