1000
70
26
54
98
30
64
90
85
1
0
26
46
75
38
29
99
61
87
47
90
88
42
99
84
81
5
25
71
32
97
51
32
77
39
3
17
71
59
24
36
10
31
66
1
87
62
76
36
19
71
48
88
16
4
100
73
55
74
9
26
46
59
95
28
48
46
85
68
66
80
20
16
28
31
60
67
55
19
25
59
37
4
7
76
56
12
56
44
3
82
38
60
5
91
58
7
89
0
8
63
0
78
76
4
46
57
10
46
58
41
10
54
44
25
29
58
20
39
75
43
37
87
21
99
97
20
22
75
39
11
61
6
83
80
11
43
38
85
91
81
87
1
2
95
66
47
72
73
6
45
8
78
11
63
91
33
92
86
48
81
45
68
57
25
69
38
22
27
31
74
1
34
32
96
12
58
65
49
61
44
32
35
20
72
38
50
63
33
49
61
61
4
33
85
44
34
15
2
14
66
55
75
30
54
6
39
82
24
7
63
38
43
69
81
34
46
46
23
11
69
40
63
33
42
41
58
63
82
13
41
72
19
25
98
67
21
46
40
4
2
91
31
3
16
92
23
90
45
5
31
64
51
13
56
45
9
62
13
21
61
35
45
44
0
0
29
10
97
16
66
76
25
47
80
59
34
11
19
91
31
52
35
98
81
22
16
70
99
96
79
14
3
39
85
14
34
81
28
29
50
45
77
41
99
76
41
93
10
35
31
67
5
85
9
13
88
4
43
83
21
55
73
27
80
83
54
85
20
9
85
33
46
70
26
89
59
63
28
95
22
25
33
40
12
14
64
18
33
75
34
35
68
74
23
91
13
14
4
15
55
95
58
65
22
57
75
96
42
69
50
12
100
14
97
17
43
6
19
93
1
97
37
41
38
92
100
14
42
87
24
83
88
98
35
44
96
70
8
84
70
32
58
57
57
74
15
91
24
4
92
14
84
21
11
73
27
10
74
30
18
69
10
67
99
62
76
59
60
87
81
74
81
51
86
54
9
75
46
5
34
33
37
85
2
48
40
80
80
69
63
79
55
93
31
74
72
6
30
69
36
21
55
28
92
92
19
22
0
91
77
15
49
23
95
45
60
14
82
99
21
16
90
30
20
83
15
92
20
88
72
88
65
71
81
46
36
19
6
0
39
18
93
91
73
65
69
97
1
80
36
53
41
7
36
73
36
4
77
18
13
97
61
20
77
56
77
75
20
99
93
7
19
34
5
44
79
48
72
76
28
26
91
30
23
8
12
73
75
30
77
58
57
85
69
67
45
75
94
56
5
53
10
40
62
1
50
52
27
30
25
15
59
38
6
88
79
58
52
46
69
85
66
63
14
33
68
6
29
84
65
26
0
94
85
92
53
90
38
60
10
57
35
14
67
26
4
81
45
94
95
21
85
89
12
51
76
0
2
51
0
45
75
39
18
88
20
99
25
57
47
68
50
5
78
1
66
25
30
50
17
2
84
99
42
61
99
81
31
19
94
37
13
78
19
63
33
51
88
81
17
79
7
54
31
73
87
4
48
37
3
94
1
97
99
10
14
58
16
95
77
6
59
0
51
12
40
26
18
85
70
41
6
2
23
85
60
48
88
54
97
11
49
22
40
75
56
12
42
87
57
39
71
41
7
93
75
51
29
56
25
35
74
71
31
68
87
84
43
1
18
34
63
33
2
22
41
34
48
78
87
97
66
82
8
44
10
44
51
50
65
68
60
74
97
14
83
19
16
77
91
17
67
90
94
47
44
98
47
0
57
82
24
19
92
10
23
56
28
73
33
29
21
76
36
23
11
39
1
63
73
97
81
83
70
71
9
87
22
40
35
87
36
80
9
92
42
23
77
81
3
44
52
44
100
67
39
65
5
39
97
65
94
2
78
55
82
80
19
22
17
75
60
5
13
75
1
97
35
53
60
21
50
89
68
18
3
20
67
32
38
28
98
79
9
79
93
27
97
79
45
63
76
32
78
79
34
49
84
12
28
44
51
59
12
71
11
25
89
49
33
27
29
33
8
7
53
13
44
52
66
69
61
93
18
48
0
4
99
43
51
46
53
64
35
22
8
94
1
82
10
59
94
95
84
73
5
87
26
15
68
93
41
38
11
9
83
73
36
25
23
97
74
19
13
44
25
51
22
23
47
60
28
83
47
89
88
22
45
59
7
73
31
52
23
55
25
33
96
95
63
66
48
70
52
59
46
27
76
92
69
37
85
32
60
34
4
88
83
5
91
3
64
51
21
43
54
25
88
12
85
58
89
78
43
35
68
12
89
77
61
