1000 40
13 2 3 17 8 5 9 1 10 18 12 11 26 38
16 1 6 4 20 15 3 8 18 38 37 10 22 28 2 39 25
7 1 16 8 2 10 3 4
6 1 26 37 39 14 2
4 1 2 3 34
2 5 1
3 1 3 5
13 1 2 6 8 25 17 9 11 38 19 16 39 18
18 2 3 21 12 6 1 32 7 11 4 8 15 39 24 10 28 27 35
14 26 1 24 32 9 2 37 12 23 36 3 4 22 5
8 5 4 16 6 8 25 23 12
11 1 6 9 7 10 12 34 26 16 8 17
7 1 31 7 30 3 16 6
16 4 16 2 1 34 7 9 3 13 8 30 10 5 40 24 37
7 8 12 1 13 2 15 16
17 1 2 9 3 10 29 4 16 35 8 26 6 34 31 39 12 5
14 13 4 8 1 14 15 2 19 29 24 20 7 22 23
11 1 2 5 35 19 3 28 4 40 14 18
13 1 2 22 6 3 4 13 5 7 9 20 31 24
10 2 12 17 3 1 24 8 20 22 10
17 1 6 9 4 14 11 12 13 26 2 20 19 25 3 17 5 34
14 3 2 34 23 18 11 1 37 21 31 16 6 8 17
3 2 1 5
2 1 2
12 30 1 7 31 2 27 3 10 12 22 4 5
15 1 2 10 3 7 9 16 17 4 5 6 34 23 11 8
9 6 1 39 11 2 9 12 38 25
8 1 29 10 12 2 3 38 4
14 1 12 2 32 18 16 22 17 29 10 9 15 33 30
20 1 16 8 18 2 6 3 31 30 14 24 11 15 21 23 4 13 38 7 9
9 1 10 27 19 37 11 14 26 2
7 1 16 3 7 20 22 9
4 1 2 4 19
19 5 30 32 12 15 1 10 36 6 37 2 35 13 34 24 3 7 4 16
19 1 3 2 4 31 7 24 38 36 27 37 5 6 9 16 10 11 25 32
17 2 1 25 14 3 9 38 16 8 5 6 19 22 4 27 32 7
15 1 2 4 3 26 6 23 25 5 13 20 15 12 27 38
2 21 1
20 1 2 29 11 33 3 10 4 5 15 17 8 13 12 31 6 34 35 27 23
12 12 1 13 38 20 19 2 4 5 17 26 33
13 1 2 22 3 19 4 5 6 7 18 30 17 24
7 1 2 3 4 9 25 23
19 4 1 29 21 11 19 20 7 5 9 2 24 16 13 6 3 25 18 8
13 29 1 14 16 2 24 17 30 3 4 9 25 23
8 23 2 8 4 1 24 6 9
2 1 2
1 1
5 1 7 2 27 6
19 24 27 2 13 38 1 5 3 16 4 12 21 25 6 7 9 32 8 10
18 1 10 2 3 8 22 7 18 33 5 29 34 25 15 23 14 30 4
20 1 2 28 15 14 18 3 32 4 10 12 19 23 13 16 5 38 8 36 37
12 1 2 29 3 16 36 22 15 4 18 5 7
7 1 2 20 12 9 5 16
18 1 27 31 12 29 4 36 3 2 24 9 13 8 18 37 6 10 14
19 1 2 3 4 5 21 28 12 14 6 15 33 20 23 26 37 25 34 8
6 1 36 15 2 11 6
15 1 15 2 6 9 28 29 16 3 40 13 17 21 27 30
3 1 11 2
9 2 7 20 13 3 4 25 10 38
4 1 8 11 29
16 1 12 2 5 11 3 15 40 22 9 13 20 29 33 19 4
5 3 2 19 1 36
5 2 1 37 4 7
13 5 9 19 1 2 23 3 38 16 33 7 10 4
6 1 2 26 11 6 9
10 12 25 2 21 6 3 28 18 1 35
8 1 9 2 3 32 10 14 17
13 2 4 19 38 24 29 31 34 11 30 6 22 20
20 4 3 24 23 12 14 19 11 16 15 25 6 38 20 18 5 33 40 10 13
13 2 1 38 4 16 7 24 27 3 8 37 13 5
2 1 2
2 2 5
15 1 2 24 3 16 27 4 7 6 13 15 21 5 29 26
20 1 11 4 13 10 20 2 31 17 25 6 14 3 29 12 30 34 39 35 5
2 1 2
9 1 2 7 16 14 12 5 13 23
17 2 1 11 14 3 24 4 18 37 40 28 6 5 21 26 31 34
8 4 3 14 2 18 1 11 5
3 1 4 11
20 1 15 20 35 22 19 8 26 29 6 10 4 12 18 38 21 2 5 9 39
11 11 9 4 34 10 2 15 12 14 22 1
3 2 3 11
16 4 16 13 3 19 31 21 2 1 15 25 5 24 22 8 30
12 8 4 16 17 1 13 3 32 19 10 20 9
8 6 1 2 3 11 4 27 25
1 26
4 5 2 26 4
11 1 4 6 32 16 7 2 12 14 25 15
20 1 13 2 6 10 11 28 16 33 9 23 31 32 20 19 3 15 4 12 17
2 2 15
18 2 5 1 13 12 34 25 39 21 3 26 7 4 6 10 24 36 17
12 20 1 2 6 3 8 27 12 33 17 4 9
19 4 10 2 14 17 24 1 20 7 37 15 38 27 6 26 31 13 5 8
17 2 5 17 1 35 8 24 10 3 4 34 20 32 22 37 6 9
1 23
3 7 25 2
13 4 12 3 8 9 24 27 15 17 20 25 22 11
18 1 2 12 3 7 10 4 17 5 25 21 19 29 14 16 9 34 30
11 1 2 30 32 5 14 9 22 3 39 4
13 4 1 24 23 2 8 3 32 15 11 5 7 10
4 3 23 24 4
5 1 2 6 14 3
9 1 2 3 4 5 6 7 8 9
18 1 2 3 26 14 4 6 16 15 11 5 21 9 10 13 35 40 23
16 1 2 15 10 35 9 6 13 18 14 12 22 23 26 16 30
3 3 4 16
11 1 8 2 7 9 24 16 3 14 17 25
15 1 2 3 4 5 7 10 8 26 31 23 21 13 27 20
4 1 6 35 19
20 5 7 24 4 10 3 2 14 1 39 15 6 8 23 12 29 16 34 33 30
4 1 17 4 12
4 1 2 3 4
20 3 11 6 4 17 1 10 39 2 16 29 8 9 23 5 34 21 7 33 37
6 3 2 5 37 35 8
1 1
15 6 4 9 15 33 3 12 17 13 39 37 24 30 14 40
16 3 2 39 8 5 9 12 27 14 1 18 4 6 16 7 30
2 2 30
11 1 2 4 20 5 3 15 17 39 21 31
6 1 8 4 7 11 36
8 12 1 2 30 5 32 3 24
13 1 5 6 12 33 9 22 2 14 34 27 16 18
10 5 2 26 6 18 14 4 31 20 38
4 1 2 19 3
7 1 2 9 3 10 11 30
16 2 1 3 8 26 7 18 5 34 17 16 35 14 32 6 12
13 1 28 2 5 8 7 3 10 40 9 22 23 13
4 3 2 1 4
6 2 4 19 11 18 6
12 3 7 4 11 2 12 22 32 39 1 5 6
17 3 8 1 40 5 26 12 10 16 13 2 4 9 11 6 21 7
17 23 1 16 18 2 4 15 20 8 37 3 5 26 14 36 28 32
1 2
14 1 2 12 35 3 9 26 14 5 16 28 37 11 21
8 2 27 1 35 19 4 13 3
4 1 4 6 16
18 2 1 4 8 14 3 26 9 13 5 20 10 17 27 30 7 35 38
8 32 1 2 30 35 31 3 14
14 2 11 4 10 18 1 7 32 9 3 6 5 8 14
13 8 1 12 14 2 23 26 3 13 10 4 32 9
9 2 4 9 29 20 27 32 6 22
4 1 9 10 16
18 5 1 10 30 2 20 3 14 12 29 16 18 32 35 13 7 33 9
16 1 16 18 2 6 31 3 9 4 22 7 26 25 5 10 23
17 3 4 29 13 1 2 5 7 33 6 8 23 32 9 11 10 12
16 4 2 22 10 38 1 5 16 11 7 19 9 24 3 13 12
3 1 2 3
10 1 2 11 9 39 3 5 30 32 12
17 1 30 2 36 14 28 3 4 15 40 18 12 16 35 31 29 10
20 2 4 10 3 13 5 1 18 6 20 9 24 39 25 17 7 35 31 33 15
8 4 24 3 9 39 25 10 11
1 1
16 3 10 4 2 39 12 14 34 25 29 1 13 23 19 9 26
1 15
18 15 1 11 2 8 9 26 29 25 18 10 12 3 28 31 38 4 17
14 15 31 16 1 34 39 2 3 22 36 9 8 33 35
1 18
15 30 2 3 32 12 8 19 36 38 1 9 16 22 40 17
12 1 2 3 4 5 30 9 10 18 19 6 29
17 8 1 15 17 2 6 7 27 26 14 5 29 35 25 19 30 9
7 2 7 15 10 6 4 3
7 1 2 3 4 5 24 20
19 1 2 19 3 20 4 22 5 33 28 9 36 14 31 13 8 7 34 12
2 14 1
7 17 3 2 5 1 9 6
5 1 12 8 16 2
10 16 4 10 8 1 21 5 27 12 3
6 4 14 1 10 6 2
18 1 5 6 4 2 11 3 7 21 10 16 29 23 9 31 8 17 28
6 4 2 20 8 5 1
17 2 4 21 9 1 10 29 16 8 13 5 26 22 3 39 7 6
2 7 29
9 13 7 2 5 37 16 4 8 12
12 3 14 4 2 7 1 9 19 8 18 10 12
20 2 11 15 1 16 18 28 3 5 12 22 13 21 9 30 36 32 40 4 33
13 1 2 5 14 8 10 3 35 6 4 15 23 7
7 1 25 32 10 4 9 16
9 8 1 22 7 5 6 25 24 18
17 3 17 7 10 29 18 4 2 5 39 1 16 26 28 6 33 38
17 6 2 39 1 20 7 21 30 4 14 22 36 13 16 24 27 8
18 1 2 7 15 3 5 6 10 40 39 4 20 29 11 38 12 25 24
10 31 7 23 2 1 39 38 26 6 32
9 13 1 24 2 15 6 29 40 30
11 1 2 9 18 3 23 8 4 6 10 19
12 1 2 8 14 30 18 5 7 3 24 6 28
5 5 21 6 2 24
12 1 2 4 8 9 24 27 30 14 3 13 18
13 1 16 4 6 8 15 2 3 25 17 21 20 13
14 1 2 3 4 5 23 16 12 13 37 27 19 18 33
2 2 12
19 1 31 24 38 2 16 25 33 5 19 30 18 6 3 26 8 14 17 15
20 1 16 2 10 3 28 14 4 34 13 30 24 18 19 36 15 12 11 5 6
18 4 8 10 32 29 26 3 22 2 21 12 36 9 35 28 19 11 24
4 32 1 35 2
2 1 13
10 28 1 15 23 2 5 3 35 38 29
16 15 10 1 11 16 23 2 20 37 39 6 32 7 12 40 35
15 1 19 2 10 3 4 27 38 14 34 20 21 15 11 33
1 10
18 1 7 8 13 18 2 31 34 4 14 3 5 12 38 20 26 10 29
19 9 4 5 32 14 6 8 11 20 1 30 2 7 10 25 3 19 17 16
6 2 29 4 12 11 6
5 4 1 3 5 35
9 4 5 40 25 39 12 6 11 15
18 4 3 17 12 15 24 16 10 2 40 20 14 35 19 38 1 33 30
6 16 1 2 3 10 28
17 3 1 2 6 17 13 18 10 14 26 19 9 4 27 39 30 32
3 1 15 2
12 1 2 27 3 4 30 29 18 5 6 12 24
13 1 15 39 30 7 35 9 2 21 6 11 3 5
7 1 7 4 15 2 22 33
11 30 1 10 36 2 3 4 6 31 14 16
11 16 7 8 10 1 12 40 4 20 34 17
12 1 5 27 12 2 19 18 40 8 34 33 7
9 2 6 14 25 4 7 17 10 36
9 3 4 2 39 11 25 36 10 27
20 1 2 12 3 28 18 7 5 19 20 27 13 21 24 26 39 10 35 14 6
4 14 13 21 3
10 1 7 38 6 4 9 5 17 15 36
1 1
2 1 10
15 5 3 12 15 17 22 2 1 4 21 16 19 26 31 27
11 1 2 37 20 8 26 18 7 36 10 34
13 2 1 3 4 10 6 28 25 14 15 13 5 7
12 2 1 20 16 23 12 31 3 9 28 8 17
10 1 2 11 3 17 9 10 20 28 14
11 4 2 6 21 8 14 10 12 36 1 3
20 1 29 7 18 6 13 10 2 15 37 31 14 26 22 21 30 38 24 36 28
6 7 2 1 32 8 25
3 4 9 2
6 1 16 11 17 35 2
10 2 4 11 32 33 5 1 24 22 12
3 4 6 1
2 6 2
4 4 15 2 30
15 1 2 38 15 3 16 4 10 11 23 5 6 25 26 12
11 3 2 8 5 20 11 4 14 16 1 29
9 4 2 23 1 3 29 5 6 7
7 1 2 3 4 20 19 5
3 1 2 3
15 34 3 4 35 15 12 6 8 29 38 27 25 14 1 36
17 4 1 23 11 2 6 19 5 39 8 29 9 17 24 31 7 28
15 2 6 40 3 19 8 9 15 11 4 17 22 26 27 21
17 8 2 7 3 19 6 1 4 5 30 9 10 11 22 28 38 37
9 2 1 11 8 9 12 25 38 19
18 6 17 5 13 40 1 14 12 31 29 9 23 16 4 2 7 36 30
13 1 2 3 27 4 17 13 9 5 15 8 32 6
4 2 1 40 11
3 1 2 8
16 1 2 3 4 5 12 31 15 19 13 23 6 37 33 7 28
19 1 2 9 17 16 3 36 4 35 11 24 25 23 21 5 12 10 40 14
12 3 5 2 8 33 9 1 21 18 6 34 22
14 1 2 8 33 29 25 10 3 28 4 31 14 40 17
14 3 4 11 27 6 15 12 34 29 2 20 19 17 32
1 1
20 1 2 11 6 7 3 5 31 35 30 24 15 19 4 21 16 38 32 27 37
20 7 2 38 3 20 5 24 15 11 39 36 40 8 14 9 22 26 4 34 6
11 1 8 11 15 36 6 2 9 3 22 4
7 1 8 37 10 9 2 15
11 4 3 12 8 2 7 26 18 15 21 17
14 2 4 1 11 40 38 5 23 30 3 8 6 7 17
10 31 3 36 5 2 26 1 30 18 11
4 4 13 7 25
3 1 2 3
18 2 7 5 6 21 1 30 12 13 3 28 8 25 20 26 37 10 24
2 3 2
15 1 2 7 3 17 4 18 11 20 24 13 21 23 33 16
10 2 3 33 8 4 10 9 18 7 5
17 1 7 20 33 17 24 2 22 31 15 14 8 27 3 36 18 19
6 1 8 14 4 2 16
19 1 37 2 6 8 16 10 12 31 33 20 7 23 30 18 39 38 36 4
19 2 13 4 1 8 23 6 12 24 25 10 3 11 33 16 9 17 5 21
18 1 2 10 11 40 3 12 8 36 6 24 23 4 13 7 9 16 25
4 1 2 3 14
4 1 3 2 4
17 2 35 1 6 7 11 9 3 8 22 14 19 20 4 13 5 31
19 7 19 13 26 2 18 4 28 3 16 10 23 1 27 30 6 40 5 36
6 1 26 10 5 12 2
12 1 7 17 21 10 31 2 28 26 3 33 15
3 5 16 1
4 1 8 12 15
4 1 24 16 27
16 15 12 16 1 28 2 23 5 7 3 18 19 22 11 37 4
3 1 11 33
9 12 2 3 6 18 16 1 4 34
7 4 7 3 24 39 16 2
3 2 1 9
12 6 4 3 19 33 9 2 20 31 8 13 15
10 4 8 24 9 5 1 6 35 14 10
10 26 2 27 5 16 6 28 32 1 22
20 1 2 10 3 37 4 5 6 26 16 19 9 22 7 11 31 35 38 21 40
19 1 2 18 22 3 24 4 17 33 35 5 6 15 21 40 20 14 30 13
2 3 2
11 3 27 16 30 15 8 2 34 12 7 9
17 1 10 6 9 2 3 13 7 20 28 22 14 24 33 23 5 39
7 1 35 38 14 4 34 2
5 5 8 4 19 33
17 1 2 11 10 3 12 36 19 30 4 16 39 25 37 5 6 9
20 1 2 10 3 18 23 27 4 29 5 9 19 12 8 13 15 38 20 39 35
3 2 3 1
6 11 6 13 2 3 14
17 13 1 3 6 4 2 5 7 22 24 18 36 17 21 38 10 9
6 2 3 1 7 15 10
4 4 6 24 12
2 1 14
13 8 2 3 1 10 4 5 6 9 29 23 7 34
19 1 2 10 8 15 14 28 37 12 3 4 5 6 24 26 38 18 34 19
5 12 28 17 29 21
15 1 8 7 2 12 27 13 34 3 5 21 32 22 4 26
2 3 1
8 1 4 2 8 14 27 3 39
18 5 1 11 13 2 17 3 19 16 22 8 30 4 7 40 27 12 20
7 14 30 4 1 20 5 19
12 4 13 1 9 35 15 30 26 22 5 10 11
6 5 11 40 2 20 1
12 7 8 2 15 14 18 38 1 3 16 40 5
20 3 11 4 9 2 12 1 18 23 17 30 5 6 33 8 7 35 34 16 13
20 16 1 10 38 8 2 40 15 17 7 3 9 30 4 23 12 36 6 13 18
3 14 2 4
16 12 1 35 2 16 18 15 27 24 34 3 7 4 23 14 29
1 1
3 1 2 18
10 3 8 1 31 4 9 12 5 2 13
20 1 2 9 3 4 11 15 5 17 21 20 6 33 27 25 12 38 10 7 13
18 1 6 2 14 17 3 13 4 23 40 22 18 15 26 5 8 27 32
1 1
8 1 7 9 2 10 15 18 16
12 1 2 40 19 33 5 3 6 31 28 9 20
13 2 12 21 34 1 10 3 4 39 7 23 6 9
11 1 22 5 2 15 17 39 6 37 3 29
18 3 30 2 11 27 10 1 12 5 24 4 6 9 22 7 35 8 40
20 1 2 22 30 38 18 15 23 28 17 12 14 5 29 3 16 33 6 27 9
17 1 24 5 14 31 6 2 39 3 13 10 30 7 32 36 4 34
7 2 1 11 29 4 20 3
1 19
20 7 6 2 15 36 1 23 9 30 5 10 32 18 17 4 3 8 35 25 40
14 7 6 15 8 5 11 18 9 22 26 21 13 34 19
18 1 18 2 11 22 14 26 39 25 4 35 29 3 12 13 7 5 17
11 5 4 6 13 39 15 3 27 26 25 29
20 11 4 3 10 35 1 13 8 15 30 5 2 12 16 26 31 6 22 9 40
13 1 27 2 3 14 18 23 21 4 5 11 20 22
2 1 2
6 1 4 20 2 40 8
6 1 3 22 36 6 15
16 1 7 2 4 19 36 24 25 34 10 12 32 11 39 13 18
17 1 17 36 24 2 3 4 15 5 10 14 6 31 25 7 28 38
4 3 2 1 12
4 5 29 4 6
2 40 1
2 3 7
11 1 13 4 39 6 22 10 36 30 37 8
14 16 8 1 5 40 19 24 4 29 33 9 25 26 7
8 15 3 2 4 16 8 9 7
10 1 8 10 2 20 24 26 15 3 29
13 1 16 2 19 4 24 29 17 3 14 23 5 32
14 32 1 2 12 34 9 3 4 27 14 5 6 22 20
17 1 15 19 27 14 2 5 3 6 22 11 24 18 28 26 25 4
11 6 10 18 2 9 3 11 34 14 13 4
18 1 13 2 12 16 17 3 25 26 4 7 33 5 8 29 31 38 24
16 3 16 2 36 1 17 9 8 12 31 14 21 13 5 19 4
8 6 10 1 9 11 4 16 13
6 20 1 23 14 12 31
9 1 24 2 11 40 3 4 12 5
7 1 2 19 9 3 12 28
18 6 2 5 27 15 24 4 21 25 9 1 7 3 28 26 10 14 13
4 1 2 23 6
2 1 2
18 1 2 3 10 4 5 18 8 17 6 7 9 26 19 13 35 16 15
17 14 12 1 29 27 16 19 3 9 34 18 4 10 35 11 30 8
12 4 8 2 28 32 13 7 6 14 3 23 19
6 1 4 15 20 10 2
8 2 4 25 3 7 20 10 40
19 1 5 12 2 9 13 14 39 3 4 22 21 7 6 34 28 27 24 30
19 1 3 4 30 2 11 8 7 24 5 34 14 12 13 10 29 22 17 37
13 1 5 9 2 3 12 4 33 16 10 22 6 25
15 8 1 37 2 3 23 7 4 15 38 29 28 13 10 30
18 3 2 10 4 20 18 8 11 22 5 33 1 19 9 6 29 28 12
12 1 2 24 6 33 10 26 27 7 28 3 14
20 1 4 18 16 6 9 2 3 35 13 25 17 5 7 38 19 33 21 32 23
13 1 32 2 29 3 8 4 13 9 6 20 17 25
8 4 8 12 27 5 24 1 29
5 1 2 28 24 31
4 30 4 31 1
13 1 7 5 2 17 8 15 23 6 29 16 3 10
18 3 18 2 1 6 28 26 4 17 23 20 7 22 21 27 32 9 35
17 5 14 1 22 17 19 27 6 24 9 28 10 36 15 35 12 30
9 2 25 3 10 12 1 13 9 8
20 1 32 16 4 38 10 11 24 36 6 5 26 7 2 8 3 31 23 14 9
8 1 3 22 16 9 12 33 8
18 1 13 6 15 21 7 2 3 34 27 20 4 29 18 23 35 30 25
7 1 2 38 16 3 14 29
13 1 15 36 2 10 14 11 27 25 4 21 5 13
1 1
9 8 1 2 6 3 4 20 9 15
17 10 16 13 1 19 8 11 21 24 2 26 9 6 3 14 27 22
4 35 6 1 23
16 1 2 5 3 19 9 6 39 37 31 17 25 13 36 7 38
3 2 1 11
17 1 2 19 3 14 12 27 29 8 20 7 32 4 9 16 38 6
10 25 1 2 33 5 3 26 37 18 7
16 2 1 15 3 35 5 8 26 18 11 13 31 25 4 6 30
11 1 2 8 7 9 17 3 19 26 14 11
10 1 2 28 11 39 6 40 20 18 25
13 3 2 19 13 1 9 7 31 5 17 8 10 12
17 4 31 11 2 6 1 10 3 12 19 33 9 5 21 40 27 7
15 3 14 2 5 8 1 4 9 6 37 12 34 7 10 26
3 1 2 6
10 1 22 7 6 25 29 8 24 11 12
15 1 10 3 2 33 8 28 9 7 23 6 32 12 16 21
12 1 2 3 13 4 22 21 9 14 5 6 28
15 15 1 4 14 2 28 26 40 29 21 30 18 3 38 24
13 7 8 12 5 32 4 27 31 3 39 15 17 18
18 1 2 3 4 9 5 7 18 36 34 6 17 11 13 20 8 12 10
10 1 2 22 34 10 3 36 37 39 17
3 1 2 7
8 35 2 16 3 27 34 25 1
8 1 7 20 8 24 10 27 2
5 1 23 2 9 3
9 3 4 2 36 7 1 14 28 12
13 35 1 2 8 29 6 18 30 12 9 3 16 25
13 2 1 23 6 16 26 30 4 39 3 38 9 14
10 3 2 12 27 8 36 29 7 10 13
15 4 1 10 16 17 2 3 14 5 15 6 26 8 12 38
11 4 7 9 2 19 1 16 13 12 40 18
17 1 2 29 3 7 4 32 23 8 13 24 27 26 5 17 6 12
19 40 8 1 23 5 2 12 9 35 36 25 3 24 16 26 4 20 6 13
14 1 4 21 11 5 28 2 25 12 9 16 29 18 23
15 5 2 7 8 28 14 3 26 12 9 18 22 17 29 34
6 29 1 38 9 22 28
12 1 30 2 3 14 32 9 28 7 4 8 12
7 7 2 11 15 26 4 14
11 1 20 2 12 3 4 26 5 6 32 8
1 7
14 3 1 5 22 19 20 27 4 9 12 2 21 7 28
6 4 18 1 37 6 20
4 34 1 4 7
19 1 19 2 6 35 30 15 22 12 25 16 3 9 26 7 4 5 8 27
11 8 1 2 3 24 4 12 5 26 7 6
10 6 1 8 5 19 22 25 2 14 32
9 1 7 8 16 9 33 29 21 22
19 7 8 1 20 2 3 16 28 4 21 5 15 24 32 35 23 9 6 13
7 3 16 2 5 1 12 28
13 37 9 1 6 31 14 33 2 38 24 23 7 3
5 2 10 7 4 40
9 7 11 22 1 2 6 12 3 4
16 1 2 31 12 39 15 7 21 3 17 20 11 14 24 28 34
17 1 2 3 21 9 7 29 14 12 18 4 22 19 5 6 20 15
6 8 29 3 37 27 2
8 4 3 12 21 17 7 9 16
15 2 4 8 16 33 5 6 1 3 19 28 15 22 7 12
13 2 3 6 14 9 1 11 4 22 17 13 5 28
12 1 8 10 13 9 2 17 5 18 7 15 35
7 4 2 18 11 6 40 27
12 2 12 9 33 36 6 8 16 10 7 1 28
14 23 1 40 7 10 19 2 8 15 14 25 3 4 38
2 15 1
10 5 4 16 12 3 21 19 2 10 39
8 5 3 32 12 4 2 1 11
7 1 15 22 11 18 2 32
19 16 1 35 2 10 3 29 23 13 4 5 6 19 37 21 26 30 7 8
17 8 1 9 5 19 39 2 4 20 36 13 28 18 3 26 17 30
15 1 2 30 11 39 19 18 24 27 22 3 4 13 40 5
3 1 16 4
11 9 1 17 5 14 2 6 3 34 7 8
3 10 1 6
13 2 1 9 30 3 8 29 32 15 26 6 14 35
1 1
2 1 39
12 4 16 2 14 1 8 7 33 5 17 13 21
15 2 27 1 23 3 5 12 17 13 18 16 19 28 4 25
12 1 2 22 9 31 4 5 6 34 3 33 7
8 2 15 11 3 5 12 17 19
4 1 27 2 20
6 1 22 30 2 3 15
16 1 4 22 6 17 2 3 31 13 16 20 8 5 37 18 36
10 30 24 8 1 2 6 5 28 26 15
2 2 15
13 7 3 26 2 1 22 19 31 4 14 12 28 13
9 1 2 3 4 39 11 10 14 30
8 7 1 12 2 39 37 10 24
3 4 6 17
8 1 32 15 19 11 5 14 2
12 1 2 5 17 16 38 4 10 35 3 23 25
4 1 11 13 14
10 7 32 3 37 5 10 4 40 16 20
1 6
10 14 1 3 18 19 10 30 25 2 40
10 4 2 18 1 28 3 23 38 6 12
19 1 12 2 15 3 21 7 4 30 11 8 16 23 28 38 34 26 25 36
2 1 3
7 1 2 30 9 3 25 15
2 1 25
8 1 2 28 22 6 15 5 38
18 35 1 2 5 3 21 4 12 18 39 8 6 20 13 26 16 22 7
8 3 17 15 8 20 21 2 4
4 8 1 10 16
10 1 2 10 21 11 25 13 3 35 6
15 1 4 16 11 2 23 22 38 9 12 15 14 20 26 5
7 1 5 15 2 36 17 30
10 6 4 5 38 9 19 8 16 30 34
5 16 2 38 1 4
15 1 5 3 2 4 18 12 27 11 15 22 39 30 6 26
7 6 1 19 2 15 4 26
1 1
6 3 4 14 5 2 22
20 1 7 2 3 33 10 12 18 15 25 4 20 23 24 29 36 28 8 40 5
5 4 3 7 2 10
18 1 29 2 35 6 8 12 16 32 30 3 31 14 24 17 4 11 25
20 2 7 11 10 1 4 3 24 19 16 28 17 29 37 26 6 38 35 8 39
15 3 25 23 4 38 2 17 13 34 6 14 8 40 31 15
8 22 16 1 2 12 25 3 31
10 1 2 7 14 10 17 3 29 33 12
15 4 1 21 5 6 23 26 12 27 2 7 16 9 3 14
6 2 4 6 9 37 19
1 21
1 2
5 1 6 4 8 11
3 1 3 9
16 4 5 1 31 8 3 36 16 13 34 20 17 37 33 29 14
5 1 4 2 13 3
5 1 4 12 9 39
7 8 12 1 28 11 2 16
10 8 7 1 11 18 10 14 2 21 20
4 1 3 8 24
6 4 13 19 38 1 7
13 1 2 6 14 8 5 11 3 18 19 10 25 16
5 15 1 12 27 7
1 16
8 4 1 2 7 12 3 13 5
8 1 12 2 6 40 10 23 30
15 1 4 2 7 10 18 26 16 14 5 25 36 3 9 28
19 12 7 8 6 9 5 26 11 28 4 21 31 30 3 38 2 35 23 1
6 1 2 18 10 6 8
12 2 16 7 6 8 4 24 39 30 20 1 25
2 3 8
1 1
11 7 1 23 12 2 3 32 40 28 26 38
16 1 2 8 9 3 7 36 29 26 35 31 4 22 16 25 18
11 1 9 4 2 3 25 5 10 12 37 6
10 2 7 38 15 16 10 8 31 17 3
19 30 2 1 35 22 3 13 5 6 19 14 7 8 25 23 29 4 36 34
1 2
17 8 4 1 16 2 3 9 5 22 6 34 19 40 14 36 26 11
16 39 6 1 2 3 10 5 26 4 12 9 19 16 23 15 32
17 3 6 4 32 17 18 2 1 33 22 16 12 31 23 5 8 28
8 1 2 9 6 3 26 14 33
15 16 14 15 1 2 23 34 25 12 39 18 3 40 10 9
3 1 14 4
9 4 1 12 39 34 16 2 13 18
19 3 4 2 9 10 40 8 19 5 25 1 17 36 22 18 32 27 34 6
12 2 1 10 9 3 4 15 39 8 6 33 20
4 2 22 16 7
3 4 6 2
16 8 16 1 31 20 14 24 17 2 35 18 25 3 4 27 26
10 1 2 5 7 20 33 4 8 14 16
6 2 15 20 1 5 18
3 1 2 23
7 4 11 14 6 27 7 12
10 1 2 3 4 32 5 19 6 20 7
19 4 6 2 9 12 1 5 22 16 14 30 13 18 26 3 36 33 20 7
6 1 12 20 2 13 3
8 21 1 33 2 6 31 15 17
4 1 2 7 24
12 3 7 2 12 38 4 22 17 31 5 1 6
16 1 8 32 16 12 2 23 28 35 33 4 36 3 34 20 30
16 6 2 1 5 9 11 3 18 21 37 17 27 12 28 31 24
3 1 8 2
10 1 31 14 2 16 10 4 15 40 11
7 2 1 27 20 11 16 36
1 1
12 1 30 14 2 13 24 7 32 40 27 39 4
2 15 1
18 1 23 5 2 13 3 10 36 4 7 19 16 37 12 14 9 6 25
17 25 14 2 21 26 1 15 3 31 9 17 18 8 24 13 30 7
14 1 2 9 4 18 10 11 29 6 17 15 22 24 28
16 2 24 1 4 3 6 28 36 11 33 5 14 23 32 18 19
17 1 4 24 15 34 11 21 19 6 5 22 36 38 17 26 2 33
2 1 35
11 9 3 6 2 10 12 13 4 18 5 31
9 3 13 4 12 2 30 6 9 23
10 6 2 24 19 39 12 34 23 8 4
18 2 15 1 4 36 5 29 23 22 8 16 11 37 18 39 3 14 34
4 1 11 31 24
3 31 2 34
8 5 2 1 31 8 24 7 40
9 39 11 1 22 12 34 2 26 6
16 1 6 2 40 10 17 5 9 16 4 20 21 19 34 15 8
3 1 2 3
12 10 1 24 2 3 4 27 26 5 6 32 15
7 1 14 19 8 9 2 25
16 3 15 2 26 5 13 8 37 4 25 10 1 20 21 39 6
3 2 32 4
7 1 2 21 3 4 5 6
5 8 11 2 14 34
3 16 1 8
5 2 27 1 7 30
9 2 7 15 9 16 6 28 12 3
9 12 15 5 27 4 6 23 33 18
12 13 1 15 2 6 16 4 10 20 40 11 5
12 1 13 37 2 29 12 16 10 19 38 11 3
16 2 3 1 4 10 6 25 8 35 9 11 27 5 7 13 20
5 1 12 2 16 3
10 2 25 35 12 14 20 8 19 11 13
11 1 10 2 19 6 23 9 7 24 4 16
14 3 8 4 1 6 21 14 18 24 2 20 5 7 16
3 6 13 20
14 9 1 2 8 5 12 3 4 36 18 14 22 23 17
12 9 10 1 7 20 2 3 34 35 31 33 26
7 1 32 2 10 17 9 23
6 1 2 3 4 34 10
15 1 2 5 8 3 4 22 31 6 18 19 23 7 26 9
15 2 20 7 36 1 5 10 16 3 37 15 21 8 4 12
11 1 2 22 8 6 7 30 12 32 17 9
14 1 4 9 13 6 16 35 31 14 38 34 8 2 27
5 8 7 13 1 9
16 4 20 7 33 39 10 5 22 9 29 8 14 1 24 23 37
19 2 6 3 35 31 4 16 19 40 33 5 11 1 8 10 9 7 15 36
12 1 28 2 8 3 26 4 5 6 14 7 20
9 1 16 2 3 34 15 29 24 28
15 1 2 6 3 8 18 7 4 16 5 9 22 34 35 25
13 1 13 26 2 32 3 4 6 38 15 37 14 5
2 2 4
13 3 29 19 16 1 31 20 2 28 10 17 11 4
7 1 2 10 3 16 24 36
4 8 13 1 2
2 2 5
15 1 9 8 2 3 4 24 5 19 21 15 31 34 6 16
15 1 3 5 13 10 22 35 12 16 14 17 28 40 30 20
11 14 3 33 29 2 6 16 13 34 12 1
5 7 12 4 22 3
19 8 2 15 1 40 9 3 27 34 37 12 10 31 26 30 23 11 7 21
16 22 6 32 12 10 1 18 13 16 5 4 27 19 35 11 37
12 5 1 33 10 30 2 12 26 28 23 3 18
18 1 26 2 29 3 16 14 4 36 18 5 6 25 17 39 11 7 27
12 1 12 6 4 2 3 14 39 26 5 8 28
1 1
5 1 12 16 2 13
9 3 1 18 5 13 21 2 22 10
17 1 3 6 16 2 22 27 4 19 12 8 9 24 33 10 30 11
17 19 1 2 20 35 11 7 5 3 16 25 4 24 6 9 34 10
10 1 11 18 12 2 14 3 36 38 9
12 1 2 21 3 23 14 27 4 11 30 15 31
10 3 4 20 2 5 7 31 11 18 13
9 13 1 21 2 3 4 28 8 31
10 3 4 5 9 11 31 2 16 1 26
5 3 13 30 24 28
18 4 16 1 2 5 3 26 31 9 38 14 29 8 25 39 28 7 21
8 1 2 23 3 17 14 4 5
10 1 13 33 15 19 2 36 5 32 4
9 3 7 36 13 12 5 15 34 1
5 1 13 2 17 15
20 17 24 7 22 34 16 1 2 5 3 11 4 10 25 23 6 9 20 8 39
3 1 4 2
9 2 27 4 8 1 9 3 6 33
20 3 2 4 33 31 5 12 17 27 30 1 35 24 11 16 15 23 21 6 8
14 5 3 1 4 11 10 30 17 13 37 2 24 34 12
5 38 8 1 2 12
10 2 5 6 9 19 10 20 17 4 3
14 1 2 3 9 38 7 8 4 39 37 19 35 22 11
3 7 3 10
9 7 3 10 2 11 32 22 26 29
7 1 2 12 13 28 17 23
8 8 1 22 2 3 4 5 6
5 2 17 6 1 8
15 1 7 10 9 2 35 5 8 3 14 25 4 30 11 31
19 3 4 23 11 36 2 39 1 28 17 12 10 19 26 22 5 33 6 14
9 2 12 5 1 4 25 16 10 8
4 1 2 15 28
1 1
8 8 1 2 17 19 23 5 3
10 12 2 29 5 15 18 6 27 4 10
15 30 2 13 1 6 10 22 15 34 21 18 36 8 23 17
8 1 27 2 11 33 3 20 23
3 1 2 21
7 4 1 3 7 14 10 2
9 3 6 4 16 2 23 37 25 1
7 10 1 6 2 8 12 7
6 1 13 2 4 26 21
7 1 23 3 11 12 5 7
8 1 2 3 29 20 4 10 37
1 1
10 2 4 16 12 6 10 17 1 13 25
11 22 1 2 5 7 4 35 39 36 11 13
10 1 2 24 11 3 8 4 14 38 33
14 1 2 3 7 38 9 12 19 14 24 25 13 8 20
15 1 11 9 10 29 7 23 32 33 2 5 20 39 26 24
14 1 2 22 27 3 4 15 9 5 16 6 23 10 29
19 2 1 9 18 13 12 6 31 14 5 16 11 8 26 29 28 33 37 4
9 1 2 10 15 13 27 11 14 24
20 1 12 7 17 2 6 3 20 24 9 14 8 4 34 10 36 29 31 23 5
3 4 2 1
16 1 4 7 18 3 17 20 2 9 38 37 25 5 39 31 22
19 1 2 3 8 22 12 9 35 31 30 4 16 6 33 11 38 7 14 39
15 1 22 2 16 3 4 27 11 35 5 6 18 23 20 26
2 25 27
18 27 14 1 2 11 17 3 5 7 15 12 22 4 31 6 30 16 40
3 2 6 1
4 1 24 31 2
13 11 4 30 6 22 10 1 3 20 39 14 25 5
10 1 2 3 4 5 6 7 22 30 21
20 2 8 21 3 18 12 5 9 4 19 16 31 34 1 6 7 30 11 17 22
18 20 32 1 36 11 12 2 7 14 16 21 22 30 24 6 25 23 5
2 3 2
9 21 1 2 5 33 16 3 4 12
9 28 1 31 6 37 27 21 9 30
18 2 3 31 1 5 12 10 28 13 15 4 35 20 21 24 6 34 26
18 1 2 3 4 9 12 30 17 27 40 6 16 13 14 38 5 33 8
16 1 2 35 9 3 4 31 16 40 36 39 5 10 18 15 20
15 1 27 2 15 29 19 16 18 36 4 5 20 8 38 37
20 1 2 23 9 3 19 26 35 8 11 15 18 20 12 17 34 21 31 4 5
10 7 2 20 1 28 8 10 12 32 30
5 1 2 14 30 18
6 1 2 4 25 5 20
8 13 2 1 3 26 5 16 11
11 1 2 3 4 19 5 25 6 7 34 33
10 1 31 2 14 3 8 17 10 4 22
7 4 3 32 10 5 8 31
16 3 16 29 1 20 19 7 2 36 9 15 12 11 4 14 5
8 4 9 5 1 2 28 6 14
17 5 4 16 3 2 1 6 14 9 23 20 31 21 25 37 35 27
18 5 16 26 1 11 6 10 29 28 14 15 20 17 22 21 36 13 2
20 3 7 2 6 18 11 1 4 15 21 9 17 10 16 8 5 33 12 40 38
9 15 1 7 14 2 29 8 27 16
19 4 1 2 39 7 10 22 20 12 3 37 6 26 28 8 33 34 36 19
9 2 3 8 1 9 7 5 16 17
11 7 1 11 16 4 6 10 17 20 22 30
11 2 8 12 4 1 33 3 31 37 32 18
12 2 10 1 6 4 16 25 34 37 8 7 29
10 1 2 19 7 8 24 26 18 3 39
11 1 12 9 4 17 2 28 3 14 15 11
3 3 7 11
10 1 2 5 17 19 22 9 23 12 30
5 2 3 1 4 12
12 1 2 27 16 5 12 9 37 40 10 33 11
18 2 6 29 4 9 18 11 20 10 17 31 21 5 25 26 1 15 3
4 1 2 11 10
5 1 16 25 7 3
8 1 2 3 8 5 4 22 14
9 1 2 28 3 4 5 21 6 7
11 1 2 28 21 10 3 31 39 8 15 11
19 1 2 3 6 9 10 19 4 16 14 12 32 27 7 29 39 13 33 5
2 1 31
19 1 4 3 5 6 2 7 10 11 21 16 26 8 27 12 33 37 18 17
3 2 7 1
10 1 2 3 7 20 13 4 37 11 14
9 1 2 27 20 33 3 4 23 5
7 1 2 3 21 30 6 18
10 2 9 32 1 18 6 3 10 34 40
1 1
19 1 7 2 9 40 20 3 4 18 8 31 17 35 11 23 34 10 5 39
12 1 5 2 3 37 29 31 4 21 36 9 16
19 1 4 2 3 10 12 5 9 6 11 21 23 17 14 24 7 34 36 39
9 1 16 2 3 8 28 10 29 36
11 1 2 9 4 3 32 15 5 6 12 10
4 3 24 8 18
18 1 8 12 7 19 24 2 29 38 9 16 25 4 5 3 23 10 28
6 1 2 13 15 7 16
5 1 2 3 4 5
8 3 24 7 23 6 9 25 5
3 1 2 3
18 4 30 1 2 34 20 35 40 3 5 6 13 15 9 19 7 36 12
14 11 1 26 28 20 2 33 29 6 3 4 8 24 22
17 1 2 9 16 3 8 28 13 15 27 4 24 34 30 32 6 10
17 1 10 3 20 4 23 22 2 33 18 12 13 31 15 40 35 21
13 13 23 8 1 9 38 17 40 2 29 31 4 24
14 1 13 4 2 3 16 25 15 36 24 5 21 11 8
7 12 6 21 24 4 2 25
7 1 2 5 25 6 7 26
7 1 7 2 17 10 13 25
16 8 4 10 15 9 5 29 7 6 26 1 20 21 12 17 2
6 1 2 3 15 4 12
18 1 2 6 15 3 18 9 12 11 22 20 30 37 23 7 10 4 36
3 1 8 6
12 26 3 11 4 15 9 36 29 13 27 6 10
16 2 3 1 25 19 10 4 33 31 5 7 8 38 11 14 24
4 1 14 2 12
19 5 4 6 3 37 2 30 16 12 33 15 35 14 8 22 21 7 17 31
15 5 4 11 3 2 9 28 34 20 1 16 22 8 14 17
8 1 2 16 11 12 3 4 15
11 1 2 36 5 6 22 34 31 12 37 10
9 1 11 2 29 39 3 18 33 4
17 8 1 6 2 10 24 29 16 12 34 14 15 19 30 3 23 4
3 1 7 12
14 1 13 2 9 20 7 28 5 12 39 27 18 3 34
15 1 34 11 6 16 19 15 30 27 8 12 38 20 2 18
13 1 2 3 12 5 22 6 13 4 25 14 8 23
2 1 5
13 16 24 3 13 2 17 25 1 6 23 20 30 4
12 5 1 16 2 17 24 18 3 23 8 26 14
11 2 1 20 4 16 3 15 14 32 12 19
9 39 1 2 3 18 37 4 5 25
11 2 5 14 8 6 24 17 16 10 18 11
16 1 2 21 12 22 3 18 4 36 38 35 26 10 39 40 5
17 2 1 5 4 3 8 6 30 24 27 32 16 15 12 33 17 18
13 6 4 16 1 12 8 2 5 26 3 13 22 33
11 1 2 10 3 4 5 26 20 13 28 6
4 15 2 3 13
19 26 15 2 9 19 24 3 6 10 38 4 13 1 40 8 11 30 29 34
4 2 24 12 1
5 1 16 18 2 40
9 3 7 10 25 1 4 12 13 33
5 4 16 1 7 13
2 10 1
11 4 8 3 2 19 5 13 1 6 24 17
16 5 13 12 1 6 7 10 14 2 4 24 15 16 27 32 33
13 1 2 20 30 27 5 8 31 22 3 4 9 40
11 3 4 11 2 5 15 8 32 21 27 1
20 2 10 4 8 6 26 19 28 36 1 17 5 9 31 7 23 30 11 37 3
16 21 2 1 10 6 24 23 5 15 28 11 13 3 22 30 29
17 1 7 6 17 23 2 4 12 11 20 3 9 8 5 31 30 34
20 8 23 6 2 3 7 25 11 18 39 1 4 21 37 17 5 30 9 10 36
14 6 19 23 3 36 9 1 28 18 22 17 7 16 31
4 3 2 7 10
20 8 3 2 4 34 20 24 9 12 28 32 30 14 1 5 15 6 11 7 19
7 12 15 17 34 40 3 2
7 7 1 10 6 4 12 13
18 8 14 9 18 12 1 27 2 10 24 20 3 40 22 26 19 35 31
16 3 8 2 4 19 23 15 16 24 10 33 1 37 21 39 25
13 7 2 1 32 10 18 6 12 11 21 3 4 24
19 1 2 25 9 3 4 28 5 17 6 7 20 26 22 39 38 29 13 34
1 2
5 9 1 2 14 8
11 3 29 2 11 4 23 1 22 12 15 5
17 7 3 22 28 34 12 2 6 5 1 32 8 19 13 4 37 25
10 1 2 6 8 3 12 33 32 26 7
3 1 2 8
2 3 1
11 1 2 7 9 11 16 10 6 8 19 3
10 8 23 1 35 16 7 11 2 31 29
16 5 3 2 13 17 8 27 6 12 4 9 30 39 1 15 31
7 2 1 3 29 27 6 18
7 1 2 5 9 3 26 4
9 1 2 10 17 3 23 30 11 18
17 1 26 5 2 28 4 18 6 11 13 14 33 12 22 24 29 8
15 1 2 9 15 7 3 31 4 22 34 27 5 33 19 20
6 1 2 24 3 7 4
4 1 2 21 4
17 1 2 8 5 4 12 14 6 20 26 32 15 10 24 3 30 37
9 3 2 21 30 7 9 11 16 38
1 1
6 1 2 20 3 16 12
6 1 2 8 4 9 3
18 1 2 3 11 4 9 14 29 32 10 5 18 16 6 13 28 34 40
17 2 1 4 34 19 3 21 10 28 11 17 13 20 18 30 6 9
7 2 1 10 36 8 19 34
20 2 27 16 4 6 20 1 37 38 7 15 3 28 34 31 18 14 25 26 5
12 14 18 3 23 20 2 10 8 17 19 1 4
12 1 2 3 31 15 19 4 5 35 21 6 7
18 6 1 2 26 10 3 11 16 8 4 15 5 25 18 30 36 17 21
3 1 7 2
2 2 1
7 4 2 19 9 1 3 7
6 1 11 2 3 9 4
3 1 7 8
2 2 6
5 8 1 16 2 3
14 5 11 32 14 1 18 2 29 15 4 9 25 7 33
14 1 18 39 2 11 10 3 9 33 36 29 16 20 34
3 25 2 3
1 1
11 3 5 18 31 11 4 24 39 40 2 12
16 1 3 4 13 36 8 2 12 40 16 5 17 6 10 20 39
6 2 5 23 18 12 15
17 1 2 6 17 39 5 24 23 3 4 35 25 19 16 18 13 7
4 5 28 23 4
10 1 2 12 38 33 22 3 5 25 4
3 5 14 4
12 2 18 1 22 3 14 28 17 36 32 4 39
18 1 2 10 26 3 4 9 13 5 6 22 24 35 12 25 8 15 37
7 1 8 21 12 13 2 7
17 2 1 12 20 4 28 3 13 6 9 21 14 25 16 37 36 29
11 12 1 2 16 6 10 28 30 40 8 38
1 6
9 1 5 6 7 4 23 2 30 9
17 9 40 4 34 3 27 2 10 5 1 12 24 18 17 35 36 21
20 1 16 2 12 5 8 33 26 31 17 3 6 21 39 4 7 10 19 35 40
12 5 7 2 30 32 19 13 37 1 39 27 3
14 4 32 33 14 1 15 7 2 3 40 5 9 10 6
8 3 5 11 29 14 6 26 30
4 30 1 8 2
19 1 2 3 15 4 5 26 6 13 17 20 28 7 8 16 19 36 33 39
2 2 26
16 1 35 2 3 4 5 6 16 7 21 26 14 34 23 24 27
2 4 7
17 18 3 6 2 4 5 29 1 19 17 8 7 27 12 25 32 13
11 1 2 8 25 4 10 3 15 16 5 9
17 1 2 32 24 36 11 10 3 15 12 26 9 17 5 16 6 13
9 6 7 25 20 36 2 24 34 4
13 3 7 4 10 9 6 23 24 2 5 17 20 25
5 1 32 2 3 19
4 2 1 8 10
12 4 1 8 2 10 14 12 13 17 21 7 29
14 18 2 1 3 6 7 11 15 17 22 24 33 14 20
15 30 4 3 39 15 16 6 8 5 11 14 13 40 23 2
1 7
17 8 4 31 2 7 10 1 27 28 14 15 29 13 5 3 11 33
6 1 2 20 14 21 6
5 1 10 2 23 8
15 1 2 6 8 17 3 12 11 21 5 4 29 23 18 28
13 7 12 19 1 20 22 26 2 29 6 3 5 14
11 1 9 2 3 18 4 16 25 12 40 24
20 2 24 3 5 14 1 32 11 16 4 6 9 17 26 34 31 27 36 23 10
16 1 2 40 12 4 7 5 36 26 17 39 6 28 30 3 13
18 1 9 13 28 14 36 12 17 25 2 6 15 3 4 29 38 26 18
19 29 3 2 8 16 1 7 12 6 5 10 22 13 39 28 9 20 18 4
1 12
15 3 1 15 5 7 4 12 2 16 13 32 6 8 19 34
1 6
10 1 5 4 39 11 32 24 7 27 9
10 1 4 40 9 19 5 7 20 8 14
16 1 11 2 3 4 32 23 8 39 5 16 7 34 36 20 19
6 2 17 23 7 8 20
19 2 1 22 3 4 5 8 15 20 14 25 37 31 17 39 24 13 16 11
11 36 1 2 3 31 28 4 5 11 13 8
7 6 4 7 14 37 3 10
3 1 6 2
14 1 25 26 2 16 6 10 7 23 3 28 30 15 19
7 3 8 19 30 17 2 7
9 4 13 2 6 40 22 7 9 5
6 1 2 3 22 4 23
7 2 29 19 23 4 1 8
17 2 27 29 9 35 1 5 4 6 13 23 16 7 24 40 38 3
20 1 2 3 4 16 5 25 6 35 7 19 8 22 15 27 30 9 39 20 10
7 1 9 2 6 8 5 28
3 1 2 15
9 2 3 12 26 37 17 9 1 14
17 2 1 5 4 3 24 15 11 19 21 9 8 10 6 33 32 14
10 3 2 4 8 10 15 9 16 34 37
8 5 8 19 3 1 10 2 7
19 1 2 18 28 3 4 29 35 5 33 6 7 8 25 9 37 10 38 11
6 4 16 12 2 40 3
9 9 1 40 7 38 8 10 21 2
4 2 4 31 1
18 12 1 21 6 24 31 13 2 39 3 9 22 28 4 5 14 29 7
7 1 2 21 11 3 20 32
4 4 25 1 8
17 1 31 12 2 5 21 3 9 4 14 18 6 10 13 34 36 8
14 22 2 1 10 4 28 23 9 13 24 14 5 31 7
12 1 2 11 9 3 12 32 7 6 28 25 24
14 12 13 3 21 2 27 8 36 37 16 10 1 17 34
2 4 23
7 3 1 4 14 20 23 8
17 1 40 2 11 36 26 3 23 19 4 13 18 10 29 7 24 27
9 1 16 17 2 12 24 22 6 5
10 6 25 1 4 10 5 33 26 3 18
4 11 5 3 8
10 7 12 1 11 25 6 38 37 16 8
12 2 24 16 3 13 6 4 9 14 19 18 22
9 1 5 9 11 20 2 25 15 36
19 1 8 2 6 4 5 19 40 32 9 3 33 10 37 22 21 15 16 11
10 4 2 11 14 10 3 27 28 40 18
15 2 8 18 27 6 36 19 16 15 28 31 1 14 33 20
10 3 2 19 10 38 6 9 27 11 20
3 14 2 3
16 11 3 1 32 13 6 16 34 12 7 5 15 21 2 28 36
8 8 2 11 10 21 4 14 5
14 2 1 28 3 35 12 31 10 14 5 33 20 4 22
14 1 2 3 16 19 13 22 34 4 5 6 15 21 30
14 1 2 7 4 36 29 3 6 26 5 12 9 20 13
3 2 1 14
1 11
6 2 15 4 14 3 1
2 1 2
12 1 2 5 3 4 6 30 28 14 22 7 9
19 1 12 16 22 15 2 3 4 25 38 9 5 6 10 35 7 23 14 37
6 1 25 7 2 5 3
2 9 24
4 1 14 2 7
16 2 12 1 14 35 10 28 3 25 39 7 17 16 20 23 24
14 8 3 18 24 10 25 11 30 21 38 26 13 4 34
1 2
16 4 29 3 13 19 10 5 2 17 8 36 18 6 9 39 28
10 1 19 2 11 3 8 16 40 5 4
10 5 1 16 24 19 2 17 33 36 23
2 3 13
9 40 12 1 2 27 3 30 29 17
19 1 2 20 6 14 4 3 18 10 5 7 26 37 29 17 28 21 36 23
5 16 8 11 3 1
7 5 1 8 14 9 16 10
14 6 1 2 3 15 7 30 11 13 21 25 4 35 5
12 2 11 4 9 6 1 26 8 35 16 18 24
13 1 2 3 4 25 5 15 6 7 8 9 17 10
13 4 8 11 1 31 20 32 23 12 7 10 26 5
15 1 6 21 4 15 18 5 2 11 3 28 35 22 38 7
19 3 12 24 2 27 5 19 4 1 40 21 6 16 28 20 29 8 7 11
5 3 1 8 9 2
18 1 2 3 11 7 10 9 20 4 28 13 15 18 14 17 6 22 39
7 13 1 8 20 16 31 2
15 3 15 22 8 16 2 1 17 10 4 20 19 11 5 30
9 3 2 34 12 30 8 1 15 6
3 2 19 1
17 1 4 7 20 8 11 36 33 39 2 16 13 5 21 26 23 6
12 24 8 1 29 2 3 10 18 5 6 21 22
4 8 1 11 23
4 10 17 1 36
12 1 4 10 18 2 5 3 21 17 6 29 7
9 3 4 8 32 7 2 29 13 37
6 4 7 15 8 39 1
2 4 5
15 5 12 24 4 25 3 30 18 2 27 15 10 19 16 11
