0 39
0 40
0 72
1 53
4 5
5 3
0 94
1 78
0 105
4 53
8 20
4 52
0 118
11 11
11 13
1 111
11 22
6 54
3 94
13 32
6 61
6 66
1 107
6 68
18 31
23 5
26 0
11 50
0 104
21 20
25 10
7 73
18 29
13 52
19 38
20 37
26 24
14 44
4 85
31 15
0 93
22 35
10 54
38 9
20 36
33 17
8 68
30 23
11 55
2 84
46 4
17 42
47 5
6 77
53 0
39 14
43 12
32 19
8 68
48 9
18 41
23 35
50 9
11 55
36 17
11 54
64 0
27 29
17 36
17 37
65 1
23 34
41 15
65 1
25 28
7 52
19 31
37 21
7 50
5 52
56 11
13 42
59 8
59 8
48 11
44 15
54 10
77 1
18 32
50 9
13 34
21 29
23 24
41 16
90 0
79 1
45 13
12 30
20 25
52 10
4 33
37 14
44 12
9 28
45 12
27 16
27 17
40 12
9 24
25 17
82 5
6 22
24 16
30 15
61 9
16 18
19 15
38 12
75 6
102 1
48 8
18 11
77 5
111 0
27 8
37 7
102 2
68 4
94 2
110 0
42 2
107 0
81 0
17 0
