1000 10000 10 10
5064
1462
1130
2693
786
7090
942
7332
2163
46
5092
2781
8119
2191
4677
152
814
9053
49
4834
6663
7278
7848
347
7152
951
9789
3708
5773
9136
8775
9085
8839
504
634
7542
1591
1672
2742
4580
3955
4236
255
6671
6296
1392
7101
170
9529
7000
1204
8106
7607
2899
3238
9034
8626
6864
8552
7102
6223
7024
9250
1543
4298
494
4379
1975
4589
7293
724
3701
2097
3922
7444
8947
7621
5170
4372
7150
4989
2268
2028
694
9036
4090
846
7502
6822
9331
4720
3222
1967
4597
1648
3608
2664
8722
9139
464
3483
7193
2287
1311
9396
7798
4299
7649
6163
572
771
9837
2544
386
9215
5165
2510
7131
1718
352
595
5515
543
3516
246
22
4121
8391
8954
8331
2604
2600
2154
3458
1503
9993
5221
5954
4907
8705
5101
726
4480
6783
1338
4881
6983
6441
1460
8847
9112
918
1521
9501
4716
2856
2940
7548
3813
8814
6439
2162
6141
8632
1890
418
1436
9373
7196
3709
2574
394
7785
8233
2677
4204
1540
3441
4923
9024
5031
6605
2506
9576
6042
6771
2383
2929
4872
7502
9004
5459
2184
9982
1406
5624
8618
1248
4590
5041
9504
7776
7052
3349
2207
2844
1976
892
4342
7914
2915
5307
5935
9389
5286
2672
547
804
3440
8848
9971
5220
806
1487
1508
1255
966
1296
139
9668
2462
1326
6281
4561
75
8859
1000
6551
5219
3302
4727
2613
4518
8338
2595
5656
899
9748
7991
937
5927
2541
6804
4886
396
490
756
2374
9375
5720
7196
9943
4914
4060
3760
4635
9828
5025
6972
195
4685
4931
3168
473
6974
5212
2539
2708
1160
2925
9580
1736
8173
6592
9652
8461
84
331
2832
3889
2096
4088
9638
9648
179
578
893
3795
943
3378
4802
6854
7182
8011
1160
5199
2274
6451
704
3932
9647
1987
7546
1931
6648
3169
9131
3984
3943
4844
3359
3283
2113
1175
256
9672
3785
1418
3191
3699
36
2261
3811
3995
5118
3510
9528
3582
1626
2157
2202
7717
3839
3758
5146
4410
5345
2327
3264
4503
2718
2131
1754
497
6091
7950
3715
4213
6861
4154
7191
1234
2940
673
6262
4087
3732
8364
9048
414
9919
323
4016
5769
4048
3798
6660
7291
6401
6476
251
4683
6143
6265
3992
6869
2676
9429
9318
2481
3365
2331
2149
216
9165
9967
3524
2916
1098
6548
7055
9111
1255
1293
539
3103
7882
3634
159
7321
2238
5910
2933
6963
628
54
8770
3430
1429
8516
3778
8068
91
8229
9416
8622
209
3847
7141
9577
888
8008
4677
5554
1723
531
802
816
1317
9068
1972
3705
3426
3278
8790
1559
7107
3346
8575
908
2198
3235
1215
1268
2198
5632
3064
8587
1246
3905
528
3711
9604
1422
5764
2550
3859
5852
1246
7778
3161
9098
9450
9812
2515
6347
9942
7536
7654
9188
9688
1424
208
9497
388
2299
2141
9827
3726
247
7742
6853
4509
8268
3815
4207
3489
7067
6648
8498
2951
6176
5054
2533
970
8707
6811
8007
3147
4501
8868
9366
6644
2329
8201
2799
4698
5312
746
2071
7522
6827
7768
1754
85
6746
1225
8050
6518
5770
8288
3755
4404
5967
1469
8612
3163
382
8993
6264
880
2606
5716
9934
5004
6831
5370
3757
7720
1612
3364
5124
7131
2318
9683
2794
128
8721
1298
609
4539
5018
1733
7568
1501
8729
6940
8081
1990
8987
2028
4247
9179
2548
8768
149
1352
3371
124
3643
4903
4742
2019
482
722
9336
5529
9275
9381
1544
171
8274
3800
9795
5309
1001
9243
1045
9908
8722
3363
8372
2566
4668
7028
3870
8655
1843
527
84
1782
545
9103
9862
495
1145
254
193
3793
5622
8301
8647
1274
4479
6036
3086
402
4701
5574
2811
574
5984
2521
2080
6470
895
8052
1124
8841
8975
9466
6498
9951
3207
5047
1605
944
8849
1480
1362
483
1378
6447
1238
5337
318
6775
6498
6539
9974
3077
4
272
5123
2960
2280
6052
1416
515
7710
8390
8083
9520
9070
2385
9956
3175
8985
1118
4065
8407
4546
6983
8441
788
9374
4222
9463
7034
1335
7999
7706
8977
3607
404
7363
6434
1907
2840
4302
88
2037
9198
1669
4138
3951
4355
7009
264
8797
1601
6002
532
74
2197
6593
5700
5350
5395
6020
7157
1366
9976
9442
5138
3452
7969
9896
1252
6985
7578
5514
9852
8592
5993
3742
7792
4221
2045
8470
3266
5606
273
908
6679
7969
1477
7971
198
310
847
5595
207
6214
2413
3542
3599
9916
7262
6953
8449
8770
2994
6133
4758
5176
6336
1510
441
2657
855
2491
6540
62
3382
2695
3927
7951
6623
7063
7939
1478
6473
8070
8577
6271
4470
1789
5504
1150
6485
8735
1151
5447
2729
9588
7167
7363
6153
9220
3069
657
937
6183
6319
1660
2776
5083
7613
6668
1419
1781
9986
1087
9931
6523
7378
7785
1755
2785
4942
4154
8365
1410
2438
9359
2405
4434
9615
9579
8669
4322
3221
7624
6123
708
6242
6600
368
4991
6864
4929
6098
4085
2044
1912
12
8307
1051
2237
788
5784
7873
3704
1230
954
4719
2546
2399
7110
973
4024
9941
4070
6697
4347
6693
2344
7358
8235
900
6380
1833
469
106
9358
9992
8346
1108
9509
3988
2498
1145
2395
432
7889
1776
8239
3122
1209
8464
6407
8594
3440
7159
3385
320
8548
4911
796
5355
2156
4718
3642
3695
3488
6573
9801
1583
9788
4907
2187
2676
8369
546
6578
5092
8108
3995
9480
4870
1243
3870
6238
3397
6653
2045
4227
6403
4874
2257
9816
560
35
4996
977
1883
5579
3377
8270
1976
6182
5929
5435
9091
4880
8696
181
2804
6306
4711
8558
4372
5473
1107
2867
2014
263
7453
4524
6585
437
1123
3811
6246
9625
4976
249
6853
797
4848
2741
972
9088
9830
1550
6234
5690
1745
7403
3625
7738
1884
6393
899
6417
6341
446
2951
2484
3537
9243
763
974
6958
2311
2020
3685
9032
3129
